   26
   1  2  0.000000
   301  1  0.000000
   3  2  0.000000
   302  1  0.000000
   5  2  0.000000
   303  1  0.000000
   7  2  0.000000
   304  1  0.000000
   9  2  0.000000
   305  1  0.000000
   11  2  0.000000
   306  1  0.000000
   13  2  0.000000
   307  1  0.000000
   15  2  0.000000
   308  1  0.000000
   17  2  0.000000
   309  1  0.000000
   19  2  0.000000
   310  1  0.000000
   21  2  0.000000
   311  1  0.000000
   23  2  0.000000
   312  1  0.000000
   25  2  0.000000
   313  1  0.000000
