   50
   1  2  0.000000
   1177  1  0.000000
   3  2  0.000000
   1178  1  0.000000
   5  2  0.000000
   1179  1  0.000000
   7  2  0.000000
   1180  1  0.000000
   9  2  0.000000
   1181  1  0.000000
   11  2  0.000000
   1182  1  0.000000
   13  2  0.000000
   1183  1  0.000000
   15  2  0.000000
   1184  1  0.000000
   17  2  0.000000
   1185  1  0.000000
   19  2  0.000000
   1186  1  0.000000
   21  2  0.000000
   1187  1  0.000000
   23  2  0.000000
   1188  1  0.000000
   25  2  0.000000
   1189  1  0.000000
   27  2  0.000000
   1190  1  0.000000
   29  2  0.000000
   1191  1  0.000000
   31  2  0.000000
   1192  1  0.000000
   33  2  0.000000
   1193  1  0.000000
   35  2  0.000000
   1194  1  0.000000
   37  2  0.000000
   1195  1  0.000000
   39  2  0.000000
   1196  1  0.000000
   41  2  0.000000
   1197  1  0.000000
   43  2  0.000000
   1198  1  0.000000
   45  2  0.000000
   1199  1  0.000000
   47  2  0.000000
   1200  1  0.000000
   49  2  0.000000
   1201  1  0.000000
