   576  1.00000  0.300000
   1  1  3  2
   2  1  2  26
   3  3  28  2
   4  26  2  28
   5  3  5  4
   6  3  4  28
   7  5  30  4
   8  28  4  30
   9  5  7  6
   10  5  6  30
   11  7  32  6
   12  30  6  32
   13  7  9  8
   14  7  8  32
   15  9  34  8
   16  32  8  34
   17  9  11  10
   18  9  10  34
   19  11  36  10
   20  34  10  36
   21  11  13  12
   22  11  12  36
   23  13  38  12
   24  36  12  38
   25  13  15  14
   26  13  14  38
   27  15  40  14
   28  38  14  40
   29  15  17  16
   30  15  16  40
   31  17  42  16
   32  40  16  42
   33  17  19  18
   34  17  18  42
   35  19  44  18
   36  42  18  44
   37  19  21  20
   38  19  20  44
   39  21  46  20
   40  44  20  46
   41  21  23  22
   42  21  22  46
   43  23  48  22
   44  46  22  48
   45  23  25  24
   46  23  24  48
   47  25  50  24
   48  48  24  50
   49  26  28  27
   50  26  27  51
   51  28  53  27
   52  51  27  53
   53  28  30  29
   54  28  29  53
   55  30  55  29
   56  53  29  55
   57  30  32  31
   58  30  31  55
   59  32  57  31
   60  55  31  57
   61  32  34  33
   62  32  33  57
   63  34  59  33
   64  57  33  59
   65  34  36  35
   66  34  35  59
   67  36  61  35
   68  59  35  61
   69  36  38  37
   70  36  37  61
   71  38  63  37
   72  61  37  63
   73  38  40  39
   74  38  39  63
   75  40  65  39
   76  63  39  65
   77  40  42  41
   78  40  41  65
   79  42  67  41
   80  65  41  67
   81  42  44  43
   82  42  43  67
   83  44  69  43
   84  67  43  69
   85  44  46  45
   86  44  45  69
   87  46  71  45
   88  69  45  71
   89  46  48  47
   90  46  47  71
   91  48  73  47
   92  71  47  73
   93  48  50  49
   94  48  49  73
   95  50  75  49
   96  73  49  75
   97  51  53  52
   98  51  52  76
   99  53  78  52
   100  76  52  78
   101  53  55  54
   102  53  54  78
   103  55  80  54
   104  78  54  80
   105  55  57  56
   106  55  56  80
   107  57  82  56
   108  80  56  82
   109  57  59  58
   110  57  58  82
   111  59  84  58
   112  82  58  84
   113  59  61  60
   114  59  60  84
   115  61  86  60
   116  84  60  86
   117  61  63  62
   118  61  62  86
   119  63  88  62
   120  86  62  88
   121  63  65  64
   122  63  64  88
   123  65  90  64
   124  88  64  90
   125  65  67  66
   126  65  66  90
   127  67  92  66
   128  90  66  92
   129  67  69  68
   130  67  68  92
   131  69  94  68
   132  92  68  94
   133  69  71  70
   134  69  70  94
   135  71  96  70
   136  94  70  96
   137  71  73  72
   138  71  72  96
   139  73  98  72
   140  96  72  98
   141  73  75  74
   142  73  74  98
   143  75  100  74
   144  98  74  100
   145  76  78  77
   146  76  77  101
   147  78  103  77
   148  101  77  103
   149  78  80  79
   150  78  79  103
   151  80  105  79
   152  103  79  105
   153  80  82  81
   154  80  81  105
   155  82  107  81
   156  105  81  107
   157  82  84  83
   158  82  83  107
   159  84  109  83
   160  107  83  109
   161  84  86  85
   162  84  85  109
   163  86  111  85
   164  109  85  111
   165  86  88  87
   166  86  87  111
   167  88  113  87
   168  111  87  113
   169  88  90  89
   170  88  89  113
   171  90  115  89
   172  113  89  115
   173  90  92  91
   174  90  91  115
   175  92  117  91
   176  115  91  117
   177  92  94  93
   178  92  93  117
   179  94  119  93
   180  117  93  119
   181  94  96  95
   182  94  95  119
   183  96  121  95
   184  119  95  121
   185  96  98  97
   186  96  97  121
   187  98  123  97
   188  121  97  123
   189  98  100  99
   190  98  99  123
   191  100  125  99
   192  123  99  125
   193  101  103  102
   194  101  102  126
   195  103  128  102
   196  126  102  128
   197  103  105  104
   198  103  104  128
   199  105  130  104
   200  128  104  130
   201  105  107  106
   202  105  106  130
   203  107  132  106
   204  130  106  132
   205  107  109  108
   206  107  108  132
   207  109  134  108
   208  132  108  134
   209  109  111  110
   210  109  110  134
   211  111  136  110
   212  134  110  136
   213  111  113  112
   214  111  112  136
   215  113  138  112
   216  136  112  138
   217  113  115  114
   218  113  114  138
   219  115  140  114
   220  138  114  140
   221  115  117  116
   222  115  116  140
   223  117  142  116
   224  140  116  142
   225  117  119  118
   226  117  118  142
   227  119  144  118
   228  142  118  144
   229  119  121  120
   230  119  120  144
   231  121  146  120
   232  144  120  146
   233  121  123  122
   234  121  122  146
   235  123  148  122
   236  146  122  148
   237  123  125  124
   238  123  124  148
   239  125  150  124
   240  148  124  150
   241  126  128  127
   242  126  127  151
   243  128  153  127
   244  151  127  153
   245  128  130  129
   246  128  129  153
   247  130  155  129
   248  153  129  155
   249  130  132  131
   250  130  131  155
   251  132  157  131
   252  155  131  157
   253  132  134  133
   254  132  133  157
   255  134  159  133
   256  157  133  159
   257  134  136  135
   258  134  135  159
   259  136  161  135
   260  159  135  161
   261  136  138  137
   262  136  137  161
   263  138  163  137
   264  161  137  163
   265  138  140  139
   266  138  139  163
   267  140  165  139
   268  163  139  165
   269  140  142  141
   270  140  141  165
   271  142  167  141
   272  165  141  167
   273  142  144  143
   274  142  143  167
   275  144  169  143
   276  167  143  169
   277  144  146  145
   278  144  145  169
   279  146  171  145
   280  169  145  171
   281  146  148  147
   282  146  147  171
   283  148  173  147
   284  171  147  173
   285  148  150  149
   286  148  149  173
   287  150  175  149
   288  173  149  175
   289  151  153  152
   290  151  152  176
   291  153  178  152
   292  176  152  178
   293  153  155  154
   294  153  154  178
   295  155  180  154
   296  178  154  180
   297  155  157  156
   298  155  156  180
   299  157  182  156
   300  180  156  182
   301  157  159  158
   302  157  158  182
   303  159  184  158
   304  182  158  184
   305  159  161  160
   306  159  160  184
   307  161  186  160
   308  184  160  186
   309  161  163  162
   310  161  162  186
   311  163  188  162
   312  186  162  188
   313  163  165  164
   314  163  164  188
   315  165  190  164
   316  188  164  190
   317  165  167  166
   318  165  166  190
   319  167  192  166
   320  190  166  192
   321  167  169  168
   322  167  168  192
   323  169  194  168
   324  192  168  194
   325  169  171  170
   326  169  170  194
   327  171  196  170
   328  194  170  196
   329  171  173  172
   330  171  172  196
   331  173  198  172
   332  196  172  198
   333  173  175  174
   334  173  174  198
   335  175  200  174
   336  198  174  200
   337  176  178  177
   338  176  177  201
   339  178  203  177
   340  201  177  203
   341  178  180  179
   342  178  179  203
   343  180  205  179
   344  203  179  205
   345  180  182  181
   346  180  181  205
   347  182  207  181
   348  205  181  207
   349  182  184  183
   350  182  183  207
   351  184  209  183
   352  207  183  209
   353  184  186  185
   354  184  185  209
   355  186  211  185
   356  209  185  211
   357  186  188  187
   358  186  187  211
   359  188  213  187
   360  211  187  213
   361  188  190  189
   362  188  189  213
   363  190  215  189
   364  213  189  215
   365  190  192  191
   366  190  191  215
   367  192  217  191
   368  215  191  217
   369  192  194  193
   370  192  193  217
   371  194  219  193
   372  217  193  219
   373  194  196  195
   374  194  195  219
   375  196  221  195
   376  219  195  221
   377  196  198  197
   378  196  197  221
   379  198  223  197
   380  221  197  223
   381  198  200  199
   382  198  199  223
   383  200  225  199
   384  223  199  225
   385  201  203  202
   386  201  202  226
   387  203  228  202
   388  226  202  228
   389  203  205  204
   390  203  204  228
   391  205  230  204
   392  228  204  230
   393  205  207  206
   394  205  206  230
   395  207  232  206
   396  230  206  232
   397  207  209  208
   398  207  208  232
   399  209  234  208
   400  232  208  234
   401  209  211  210
   402  209  210  234
   403  211  236  210
   404  234  210  236
   405  211  213  212
   406  211  212  236
   407  213  238  212
   408  236  212  238
   409  213  215  214
   410  213  214  238
   411  215  240  214
   412  238  214  240
   413  215  217  216
   414  215  216  240
   415  217  242  216
   416  240  216  242
   417  217  219  218
   418  217  218  242
   419  219  244  218
   420  242  218  244
   421  219  221  220
   422  219  220  244
   423  221  246  220
   424  244  220  246
   425  221  223  222
   426  221  222  246
   427  223  248  222
   428  246  222  248
   429  223  225  224
   430  223  224  248
   431  225  250  224
   432  248  224  250
   433  226  228  227
   434  226  227  251
   435  228  253  227
   436  251  227  253
   437  228  230  229
   438  228  229  253
   439  230  255  229
   440  253  229  255
   441  230  232  231
   442  230  231  255
   443  232  257  231
   444  255  231  257
   445  232  234  233
   446  232  233  257
   447  234  259  233
   448  257  233  259
   449  234  236  235
   450  234  235  259
   451  236  261  235
   452  259  235  261
   453  236  238  237
   454  236  237  261
   455  238  263  237
   456  261  237  263
   457  238  240  239
   458  238  239  263
   459  240  265  239
   460  263  239  265
   461  240  242  241
   462  240  241  265
   463  242  267  241
   464  265  241  267
   465  242  244  243
   466  242  243  267
   467  244  269  243
   468  267  243  269
   469  244  246  245
   470  244  245  269
   471  246  271  245
   472  269  245  271
   473  246  248  247
   474  246  247  271
   475  248  273  247
   476  271  247  273
   477  248  250  249
   478  248  249  273
   479  250  275  249
   480  273  249  275
   481  251  253  252
   482  251  252  276
   483  253  278  252
   484  276  252  278
   485  253  255  254
   486  253  254  278
   487  255  280  254
   488  278  254  280
   489  255  257  256
   490  255  256  280
   491  257  282  256
   492  280  256  282
   493  257  259  258
   494  257  258  282
   495  259  284  258
   496  282  258  284
   497  259  261  260
   498  259  260  284
   499  261  286  260
   500  284  260  286
   501  261  263  262
   502  261  262  286
   503  263  288  262
   504  286  262  288
   505  263  265  264
   506  263  264  288
   507  265  290  264
   508  288  264  290
   509  265  267  266
   510  265  266  290
   511  267  292  266
   512  290  266  292
   513  267  269  268
   514  267  268  292
   515  269  294  268
   516  292  268  294
   517  269  271  270
   518  269  270  294
   519  271  296  270
   520  294  270  296
   521  271  273  272
   522  271  272  296
   523  273  298  272
   524  296  272  298
   525  273  275  274
   526  273  274  298
   527  275  300  274
   528  298  274  300
   529  276  278  277
   530  276  277  301
   531  278  302  277
   532  301  277  302
   533  278  280  279
   534  278  279  302
   535  280  303  279
   536  302  279  303
   537  280  282  281
   538  280  281  303
   539  282  304  281
   540  303  281  304
   541  282  284  283
   542  282  283  304
   543  284  305  283
   544  304  283  305
   545  284  286  285
   546  284  285  305
   547  286  306  285
   548  305  285  306
   549  286  288  287
   550  286  287  306
   551  288  307  287
   552  306  287  307
   553  288  290  289
   554  288  289  307
   555  290  308  289
   556  307  289  308
   557  290  292  291
   558  290  291  308
   559  292  309  291
   560  308  291  309
   561  292  294  293
   562  292  293  309
   563  294  310  293
   564  309  293  310
   565  294  296  295
   566  294  295  310
   567  296  311  295
   568  310  295  311
   569  296  298  297
   570  296  297  311
   571  298  312  297
   572  311  297  312
   573  298  300  299
   574  298  299  312
   575  300  313  299
   576  312  299  313
