   144  1.00000  0.300000
   1  1  3  2
   2  1  2  14
   3  3  16  2
   4  14  2  16
   5  3  5  4
   6  3  4  16
   7  5  18  4
   8  16  4  18
   9  5  7  6
   10  5  6  18
   11  7  20  6
   12  18  6  20
   13  7  9  8
   14  7  8  20
   15  9  22  8
   16  20  8  22
   17  9  11  10
   18  9  10  22
   19  11  24  10
   20  22  10  24
   21  11  13  12
   22  11  12  24
   23  13  26  12
   24  24  12  26
   25  14  16  15
   26  14  15  27
   27  16  29  15
   28  27  15  29
   29  16  18  17
   30  16  17  29
   31  18  31  17
   32  29  17  31
   33  18  20  19
   34  18  19  31
   35  20  33  19
   36  31  19  33
   37  20  22  21
   38  20  21  33
   39  22  35  21
   40  33  21  35
   41  22  24  23
   42  22  23  35
   43  24  37  23
   44  35  23  37
   45  24  26  25
   46  24  25  37
   47  26  39  25
   48  37  25  39
   49  27  29  28
   50  27  28  40
   51  29  42  28
   52  40  28  42
   53  29  31  30
   54  29  30  42
   55  31  44  30
   56  42  30  44
   57  31  33  32
   58  31  32  44
   59  33  46  32
   60  44  32  46
   61  33  35  34
   62  33  34  46
   63  35  48  34
   64  46  34  48
   65  35  37  36
   66  35  36  48
   67  37  50  36
   68  48  36  50
   69  37  39  38
   70  37  38  50
   71  39  52  38
   72  50  38  52
   73  40  42  41
   74  40  41  53
   75  42  55  41
   76  53  41  55
   77  42  44  43
   78  42  43  55
   79  44  57  43
   80  55  43  57
   81  44  46  45
   82  44  45  57
   83  46  59  45
   84  57  45  59
   85  46  48  47
   86  46  47  59
   87  48  61  47
   88  59  47  61
   89  48  50  49
   90  48  49  61
   91  50  63  49
   92  61  49  63
   93  50  52  51
   94  50  51  63
   95  52  65  51
   96  63  51  65
   97  53  55  54
   98  53  54  66
   99  55  68  54
   100  66  54  68
   101  55  57  56
   102  55  56  68
   103  57  70  56
   104  68  56  70
   105  57  59  58
   106  57  58  70
   107  59  72  58
   108  70  58  72
   109  59  61  60
   110  59  60  72
   111  61  74  60
   112  72  60  74
   113  61  63  62
   114  61  62  74
   115  63  76  62
   116  74  62  76
   117  63  65  64
   118  63  64  76
   119  65  78  64
   120  76  64  78
   121  66  68  67
   122  66  67  79
   123  68  80  67
   124  79  67  80
   125  68  70  69
   126  68  69  80
   127  70  81  69
   128  80  69  81
   129  70  72  71
   130  70  71  81
   131  72  82  71
   132  81  71  82
   133  72  74  73
   134  72  73  82
   135  74  83  73
   136  82  73  83
   137  74  76  75
   138  74  75  83
   139  76  84  75
   140  83  75  84
   141  76  78  77
   142  76  77  84
   143  78  85  77
   144  84  77  85
