   2304  1.00000  0.300000
   1  1  3  2
   2  1  2  50
   3  3  52  2
   4  50  2  52
   5  3  5  4
   6  3  4  52
   7  5  54  4
   8  52  4  54
   9  5  7  6
   10  5  6  54
   11  7  56  6
   12  54  6  56
   13  7  9  8
   14  7  8  56
   15  9  58  8
   16  56  8  58
   17  9  11  10
   18  9  10  58
   19  11  60  10
   20  58  10  60
   21  11  13  12
   22  11  12  60
   23  13  62  12
   24  60  12  62
   25  13  15  14
   26  13  14  62
   27  15  64  14
   28  62  14  64
   29  15  17  16
   30  15  16  64
   31  17  66  16
   32  64  16  66
   33  17  19  18
   34  17  18  66
   35  19  68  18
   36  66  18  68
   37  19  21  20
   38  19  20  68
   39  21  70  20
   40  68  20  70
   41  21  23  22
   42  21  22  70
   43  23  72  22
   44  70  22  72
   45  23  25  24
   46  23  24  72
   47  25  74  24
   48  72  24  74
   49  25  27  26
   50  25  26  74
   51  27  76  26
   52  74  26  76
   53  27  29  28
   54  27  28  76
   55  29  78  28
   56  76  28  78
   57  29  31  30
   58  29  30  78
   59  31  80  30
   60  78  30  80
   61  31  33  32
   62  31  32  80
   63  33  82  32
   64  80  32  82
   65  33  35  34
   66  33  34  82
   67  35  84  34
   68  82  34  84
   69  35  37  36
   70  35  36  84
   71  37  86  36
   72  84  36  86
   73  37  39  38
   74  37  38  86
   75  39  88  38
   76  86  38  88
   77  39  41  40
   78  39  40  88
   79  41  90  40
   80  88  40  90
   81  41  43  42
   82  41  42  90
   83  43  92  42
   84  90  42  92
   85  43  45  44
   86  43  44  92
   87  45  94  44
   88  92  44  94
   89  45  47  46
   90  45  46  94
   91  47  96  46
   92  94  46  96
   93  47  49  48
   94  47  48  96
   95  49  98  48
   96  96  48  98
   97  50  52  51
   98  50  51  99
   99  52  101  51
   100  99  51  101
   101  52  54  53
   102  52  53  101
   103  54  103  53
   104  101  53  103
   105  54  56  55
   106  54  55  103
   107  56  105  55
   108  103  55  105
   109  56  58  57
   110  56  57  105
   111  58  107  57
   112  105  57  107
   113  58  60  59
   114  58  59  107
   115  60  109  59
   116  107  59  109
   117  60  62  61
   118  60  61  109
   119  62  111  61
   120  109  61  111
   121  62  64  63
   122  62  63  111
   123  64  113  63
   124  111  63  113
   125  64  66  65
   126  64  65  113
   127  66  115  65
   128  113  65  115
   129  66  68  67
   130  66  67  115
   131  68  117  67
   132  115  67  117
   133  68  70  69
   134  68  69  117
   135  70  119  69
   136  117  69  119
   137  70  72  71
   138  70  71  119
   139  72  121  71
   140  119  71  121
   141  72  74  73
   142  72  73  121
   143  74  123  73
   144  121  73  123
   145  74  76  75
   146  74  75  123
   147  76  125  75
   148  123  75  125
   149  76  78  77
   150  76  77  125
   151  78  127  77
   152  125  77  127
   153  78  80  79
   154  78  79  127
   155  80  129  79
   156  127  79  129
   157  80  82  81
   158  80  81  129
   159  82  131  81
   160  129  81  131
   161  82  84  83
   162  82  83  131
   163  84  133  83
   164  131  83  133
   165  84  86  85
   166  84  85  133
   167  86  135  85
   168  133  85  135
   169  86  88  87
   170  86  87  135
   171  88  137  87
   172  135  87  137
   173  88  90  89
   174  88  89  137
   175  90  139  89
   176  137  89  139
   177  90  92  91
   178  90  91  139
   179  92  141  91
   180  139  91  141
   181  92  94  93
   182  92  93  141
   183  94  143  93
   184  141  93  143
   185  94  96  95
   186  94  95  143
   187  96  145  95
   188  143  95  145
   189  96  98  97
   190  96  97  145
   191  98  147  97
   192  145  97  147
   193  99  101  100
   194  99  100  148
   195  101  150  100
   196  148  100  150
   197  101  103  102
   198  101  102  150
   199  103  152  102
   200  150  102  152
   201  103  105  104
   202  103  104  152
   203  105  154  104
   204  152  104  154
   205  105  107  106
   206  105  106  154
   207  107  156  106
   208  154  106  156
   209  107  109  108
   210  107  108  156
   211  109  158  108
   212  156  108  158
   213  109  111  110
   214  109  110  158
   215  111  160  110
   216  158  110  160
   217  111  113  112
   218  111  112  160
   219  113  162  112
   220  160  112  162
   221  113  115  114
   222  113  114  162
   223  115  164  114
   224  162  114  164
   225  115  117  116
   226  115  116  164
   227  117  166  116
   228  164  116  166
   229  117  119  118
   230  117  118  166
   231  119  168  118
   232  166  118  168
   233  119  121  120
   234  119  120  168
   235  121  170  120
   236  168  120  170
   237  121  123  122
   238  121  122  170
   239  123  172  122
   240  170  122  172
   241  123  125  124
   242  123  124  172
   243  125  174  124
   244  172  124  174
   245  125  127  126
   246  125  126  174
   247  127  176  126
   248  174  126  176
   249  127  129  128
   250  127  128  176
   251  129  178  128
   252  176  128  178
   253  129  131  130
   254  129  130  178
   255  131  180  130
   256  178  130  180
   257  131  133  132
   258  131  132  180
   259  133  182  132
   260  180  132  182
   261  133  135  134
   262  133  134  182
   263  135  184  134
   264  182  134  184
   265  135  137  136
   266  135  136  184
   267  137  186  136
   268  184  136  186
   269  137  139  138
   270  137  138  186
   271  139  188  138
   272  186  138  188
   273  139  141  140
   274  139  140  188
   275  141  190  140
   276  188  140  190
   277  141  143  142
   278  141  142  190
   279  143  192  142
   280  190  142  192
   281  143  145  144
   282  143  144  192
   283  145  194  144
   284  192  144  194
   285  145  147  146
   286  145  146  194
   287  147  196  146
   288  194  146  196
   289  148  150  149
   290  148  149  197
   291  150  199  149
   292  197  149  199
   293  150  152  151
   294  150  151  199
   295  152  201  151
   296  199  151  201
   297  152  154  153
   298  152  153  201
   299  154  203  153
   300  201  153  203
   301  154  156  155
   302  154  155  203
   303  156  205  155
   304  203  155  205
   305  156  158  157
   306  156  157  205
   307  158  207  157
   308  205  157  207
   309  158  160  159
   310  158  159  207
   311  160  209  159
   312  207  159  209
   313  160  162  161
   314  160  161  209
   315  162  211  161
   316  209  161  211
   317  162  164  163
   318  162  163  211
   319  164  213  163
   320  211  163  213
   321  164  166  165
   322  164  165  213
   323  166  215  165
   324  213  165  215
   325  166  168  167
   326  166  167  215
   327  168  217  167
   328  215  167  217
   329  168  170  169
   330  168  169  217
   331  170  219  169
   332  217  169  219
   333  170  172  171
   334  170  171  219
   335  172  221  171
   336  219  171  221
   337  172  174  173
   338  172  173  221
   339  174  223  173
   340  221  173  223
   341  174  176  175
   342  174  175  223
   343  176  225  175
   344  223  175  225
   345  176  178  177
   346  176  177  225
   347  178  227  177
   348  225  177  227
   349  178  180  179
   350  178  179  227
   351  180  229  179
   352  227  179  229
   353  180  182  181
   354  180  181  229
   355  182  231  181
   356  229  181  231
   357  182  184  183
   358  182  183  231
   359  184  233  183
   360  231  183  233
   361  184  186  185
   362  184  185  233
   363  186  235  185
   364  233  185  235
   365  186  188  187
   366  186  187  235
   367  188  237  187
   368  235  187  237
   369  188  190  189
   370  188  189  237
   371  190  239  189
   372  237  189  239
   373  190  192  191
   374  190  191  239
   375  192  241  191
   376  239  191  241
   377  192  194  193
   378  192  193  241
   379  194  243  193
   380  241  193  243
   381  194  196  195
   382  194  195  243
   383  196  245  195
   384  243  195  245
   385  197  199  198
   386  197  198  246
   387  199  248  198
   388  246  198  248
   389  199  201  200
   390  199  200  248
   391  201  250  200
   392  248  200  250
   393  201  203  202
   394  201  202  250
   395  203  252  202
   396  250  202  252
   397  203  205  204
   398  203  204  252
   399  205  254  204
   400  252  204  254
   401  205  207  206
   402  205  206  254
   403  207  256  206
   404  254  206  256
   405  207  209  208
   406  207  208  256
   407  209  258  208
   408  256  208  258
   409  209  211  210
   410  209  210  258
   411  211  260  210
   412  258  210  260
   413  211  213  212
   414  211  212  260
   415  213  262  212
   416  260  212  262
   417  213  215  214
   418  213  214  262
   419  215  264  214
   420  262  214  264
   421  215  217  216
   422  215  216  264
   423  217  266  216
   424  264  216  266
   425  217  219  218
   426  217  218  266
   427  219  268  218
   428  266  218  268
   429  219  221  220
   430  219  220  268
   431  221  270  220
   432  268  220  270
   433  221  223  222
   434  221  222  270
   435  223  272  222
   436  270  222  272
   437  223  225  224
   438  223  224  272
   439  225  274  224
   440  272  224  274
   441  225  227  226
   442  225  226  274
   443  227  276  226
   444  274  226  276
   445  227  229  228
   446  227  228  276
   447  229  278  228
   448  276  228  278
   449  229  231  230
   450  229  230  278
   451  231  280  230
   452  278  230  280
   453  231  233  232
   454  231  232  280
   455  233  282  232
   456  280  232  282
   457  233  235  234
   458  233  234  282
   459  235  284  234
   460  282  234  284
   461  235  237  236
   462  235  236  284
   463  237  286  236
   464  284  236  286
   465  237  239  238
   466  237  238  286
   467  239  288  238
   468  286  238  288
   469  239  241  240
   470  239  240  288
   471  241  290  240
   472  288  240  290
   473  241  243  242
   474  241  242  290
   475  243  292  242
   476  290  242  292
   477  243  245  244
   478  243  244  292
   479  245  294  244
   480  292  244  294
   481  246  248  247
   482  246  247  295
   483  248  297  247
   484  295  247  297
   485  248  250  249
   486  248  249  297
   487  250  299  249
   488  297  249  299
   489  250  252  251
   490  250  251  299
   491  252  301  251
   492  299  251  301
   493  252  254  253
   494  252  253  301
   495  254  303  253
   496  301  253  303
   497  254  256  255
   498  254  255  303
   499  256  305  255
   500  303  255  305
   501  256  258  257
   502  256  257  305
   503  258  307  257
   504  305  257  307
   505  258  260  259
   506  258  259  307
   507  260  309  259
   508  307  259  309
   509  260  262  261
   510  260  261  309
   511  262  311  261
   512  309  261  311
   513  262  264  263
   514  262  263  311
   515  264  313  263
   516  311  263  313
   517  264  266  265
   518  264  265  313
   519  266  315  265
   520  313  265  315
   521  266  268  267
   522  266  267  315
   523  268  317  267
   524  315  267  317
   525  268  270  269
   526  268  269  317
   527  270  319  269
   528  317  269  319
   529  270  272  271
   530  270  271  319
   531  272  321  271
   532  319  271  321
   533  272  274  273
   534  272  273  321
   535  274  323  273
   536  321  273  323
   537  274  276  275
   538  274  275  323
   539  276  325  275
   540  323  275  325
   541  276  278  277
   542  276  277  325
   543  278  327  277
   544  325  277  327
   545  278  280  279
   546  278  279  327
   547  280  329  279
   548  327  279  329
   549  280  282  281
   550  280  281  329
   551  282  331  281
   552  329  281  331
   553  282  284  283
   554  282  283  331
   555  284  333  283
   556  331  283  333
   557  284  286  285
   558  284  285  333
   559  286  335  285
   560  333  285  335
   561  286  288  287
   562  286  287  335
   563  288  337  287
   564  335  287  337
   565  288  290  289
   566  288  289  337
   567  290  339  289
   568  337  289  339
   569  290  292  291
   570  290  291  339
   571  292  341  291
   572  339  291  341
   573  292  294  293
   574  292  293  341
   575  294  343  293
   576  341  293  343
   577  295  297  296
   578  295  296  344
   579  297  346  296
   580  344  296  346
   581  297  299  298
   582  297  298  346
   583  299  348  298
   584  346  298  348
   585  299  301  300
   586  299  300  348
   587  301  350  300
   588  348  300  350
   589  301  303  302
   590  301  302  350
   591  303  352  302
   592  350  302  352
   593  303  305  304
   594  303  304  352
   595  305  354  304
   596  352  304  354
   597  305  307  306
   598  305  306  354
   599  307  356  306
   600  354  306  356
   601  307  309  308
   602  307  308  356
   603  309  358  308
   604  356  308  358
   605  309  311  310
   606  309  310  358
   607  311  360  310
   608  358  310  360
   609  311  313  312
   610  311  312  360
   611  313  362  312
   612  360  312  362
   613  313  315  314
   614  313  314  362
   615  315  364  314
   616  362  314  364
   617  315  317  316
   618  315  316  364
   619  317  366  316
   620  364  316  366
   621  317  319  318
   622  317  318  366
   623  319  368  318
   624  366  318  368
   625  319  321  320
   626  319  320  368
   627  321  370  320
   628  368  320  370
   629  321  323  322
   630  321  322  370
   631  323  372  322
   632  370  322  372
   633  323  325  324
   634  323  324  372
   635  325  374  324
   636  372  324  374
   637  325  327  326
   638  325  326  374
   639  327  376  326
   640  374  326  376
   641  327  329  328
   642  327  328  376
   643  329  378  328
   644  376  328  378
   645  329  331  330
   646  329  330  378
   647  331  380  330
   648  378  330  380
   649  331  333  332
   650  331  332  380
   651  333  382  332
   652  380  332  382
   653  333  335  334
   654  333  334  382
   655  335  384  334
   656  382  334  384
   657  335  337  336
   658  335  336  384
   659  337  386  336
   660  384  336  386
   661  337  339  338
   662  337  338  386
   663  339  388  338
   664  386  338  388
   665  339  341  340
   666  339  340  388
   667  341  390  340
   668  388  340  390
   669  341  343  342
   670  341  342  390
   671  343  392  342
   672  390  342  392
   673  344  346  345
   674  344  345  393
   675  346  395  345
   676  393  345  395
   677  346  348  347
   678  346  347  395
   679  348  397  347
   680  395  347  397
   681  348  350  349
   682  348  349  397
   683  350  399  349
   684  397  349  399
   685  350  352  351
   686  350  351  399
   687  352  401  351
   688  399  351  401
   689  352  354  353
   690  352  353  401
   691  354  403  353
   692  401  353  403
   693  354  356  355
   694  354  355  403
   695  356  405  355
   696  403  355  405
   697  356  358  357
   698  356  357  405
   699  358  407  357
   700  405  357  407
   701  358  360  359
   702  358  359  407
   703  360  409  359
   704  407  359  409
   705  360  362  361
   706  360  361  409
   707  362  411  361
   708  409  361  411
   709  362  364  363
   710  362  363  411
   711  364  413  363
   712  411  363  413
   713  364  366  365
   714  364  365  413
   715  366  415  365
   716  413  365  415
   717  366  368  367
   718  366  367  415
   719  368  417  367
   720  415  367  417
   721  368  370  369
   722  368  369  417
   723  370  419  369
   724  417  369  419
   725  370  372  371
   726  370  371  419
   727  372  421  371
   728  419  371  421
   729  372  374  373
   730  372  373  421
   731  374  423  373
   732  421  373  423
   733  374  376  375
   734  374  375  423
   735  376  425  375
   736  423  375  425
   737  376  378  377
   738  376  377  425
   739  378  427  377
   740  425  377  427
   741  378  380  379
   742  378  379  427
   743  380  429  379
   744  427  379  429
   745  380  382  381
   746  380  381  429
   747  382  431  381
   748  429  381  431
   749  382  384  383
   750  382  383  431
   751  384  433  383
   752  431  383  433
   753  384  386  385
   754  384  385  433
   755  386  435  385
   756  433  385  435
   757  386  388  387
   758  386  387  435
   759  388  437  387
   760  435  387  437
   761  388  390  389
   762  388  389  437
   763  390  439  389
   764  437  389  439
   765  390  392  391
   766  390  391  439
   767  392  441  391
   768  439  391  441
   769  393  395  394
   770  393  394  442
   771  395  444  394
   772  442  394  444
   773  395  397  396
   774  395  396  444
   775  397  446  396
   776  444  396  446
   777  397  399  398
   778  397  398  446
   779  399  448  398
   780  446  398  448
   781  399  401  400
   782  399  400  448
   783  401  450  400
   784  448  400  450
   785  401  403  402
   786  401  402  450
   787  403  452  402
   788  450  402  452
   789  403  405  404
   790  403  404  452
   791  405  454  404
   792  452  404  454
   793  405  407  406
   794  405  406  454
   795  407  456  406
   796  454  406  456
   797  407  409  408
   798  407  408  456
   799  409  458  408
   800  456  408  458
   801  409  411  410
   802  409  410  458
   803  411  460  410
   804  458  410  460
   805  411  413  412
   806  411  412  460
   807  413  462  412
   808  460  412  462
   809  413  415  414
   810  413  414  462
   811  415  464  414
   812  462  414  464
   813  415  417  416
   814  415  416  464
   815  417  466  416
   816  464  416  466
   817  417  419  418
   818  417  418  466
   819  419  468  418
   820  466  418  468
   821  419  421  420
   822  419  420  468
   823  421  470  420
   824  468  420  470
   825  421  423  422
   826  421  422  470
   827  423  472  422
   828  470  422  472
   829  423  425  424
   830  423  424  472
   831  425  474  424
   832  472  424  474
   833  425  427  426
   834  425  426  474
   835  427  476  426
   836  474  426  476
   837  427  429  428
   838  427  428  476
   839  429  478  428
   840  476  428  478
   841  429  431  430
   842  429  430  478
   843  431  480  430
   844  478  430  480
   845  431  433  432
   846  431  432  480
   847  433  482  432
   848  480  432  482
   849  433  435  434
   850  433  434  482
   851  435  484  434
   852  482  434  484
   853  435  437  436
   854  435  436  484
   855  437  486  436
   856  484  436  486
   857  437  439  438
   858  437  438  486
   859  439  488  438
   860  486  438  488
   861  439  441  440
   862  439  440  488
   863  441  490  440
   864  488  440  490
   865  442  444  443
   866  442  443  491
   867  444  493  443
   868  491  443  493
   869  444  446  445
   870  444  445  493
   871  446  495  445
   872  493  445  495
   873  446  448  447
   874  446  447  495
   875  448  497  447
   876  495  447  497
   877  448  450  449
   878  448  449  497
   879  450  499  449
   880  497  449  499
   881  450  452  451
   882  450  451  499
   883  452  501  451
   884  499  451  501
   885  452  454  453
   886  452  453  501
   887  454  503  453
   888  501  453  503
   889  454  456  455
   890  454  455  503
   891  456  505  455
   892  503  455  505
   893  456  458  457
   894  456  457  505
   895  458  507  457
   896  505  457  507
   897  458  460  459
   898  458  459  507
   899  460  509  459
   900  507  459  509
   901  460  462  461
   902  460  461  509
   903  462  511  461
   904  509  461  511
   905  462  464  463
   906  462  463  511
   907  464  513  463
   908  511  463  513
   909  464  466  465
   910  464  465  513
   911  466  515  465
   912  513  465  515
   913  466  468  467
   914  466  467  515
   915  468  517  467
   916  515  467  517
   917  468  470  469
   918  468  469  517
   919  470  519  469
   920  517  469  519
   921  470  472  471
   922  470  471  519
   923  472  521  471
   924  519  471  521
   925  472  474  473
   926  472  473  521
   927  474  523  473
   928  521  473  523
   929  474  476  475
   930  474  475  523
   931  476  525  475
   932  523  475  525
   933  476  478  477
   934  476  477  525
   935  478  527  477
   936  525  477  527
   937  478  480  479
   938  478  479  527
   939  480  529  479
   940  527  479  529
   941  480  482  481
   942  480  481  529
   943  482  531  481
   944  529  481  531
   945  482  484  483
   946  482  483  531
   947  484  533  483
   948  531  483  533
   949  484  486  485
   950  484  485  533
   951  486  535  485
   952  533  485  535
   953  486  488  487
   954  486  487  535
   955  488  537  487
   956  535  487  537
   957  488  490  489
   958  488  489  537
   959  490  539  489
   960  537  489  539
   961  491  493  492
   962  491  492  540
   963  493  542  492
   964  540  492  542
   965  493  495  494
   966  493  494  542
   967  495  544  494
   968  542  494  544
   969  495  497  496
   970  495  496  544
   971  497  546  496
   972  544  496  546
   973  497  499  498
   974  497  498  546
   975  499  548  498
   976  546  498  548
   977  499  501  500
   978  499  500  548
   979  501  550  500
   980  548  500  550
   981  501  503  502
   982  501  502  550
   983  503  552  502
   984  550  502  552
   985  503  505  504
   986  503  504  552
   987  505  554  504
   988  552  504  554
   989  505  507  506
   990  505  506  554
   991  507  556  506
   992  554  506  556
   993  507  509  508
   994  507  508  556
   995  509  558  508
   996  556  508  558
   997  509  511  510
   998  509  510  558
   999  511  560  510
   1000  558  510  560
   1001  511  513  512
   1002  511  512  560
   1003  513  562  512
   1004  560  512  562
   1005  513  515  514
   1006  513  514  562
   1007  515  564  514
   1008  562  514  564
   1009  515  517  516
   1010  515  516  564
   1011  517  566  516
   1012  564  516  566
   1013  517  519  518
   1014  517  518  566
   1015  519  568  518
   1016  566  518  568
   1017  519  521  520
   1018  519  520  568
   1019  521  570  520
   1020  568  520  570
   1021  521  523  522
   1022  521  522  570
   1023  523  572  522
   1024  570  522  572
   1025  523  525  524
   1026  523  524  572
   1027  525  574  524
   1028  572  524  574
   1029  525  527  526
   1030  525  526  574
   1031  527  576  526
   1032  574  526  576
   1033  527  529  528
   1034  527  528  576
   1035  529  578  528
   1036  576  528  578
   1037  529  531  530
   1038  529  530  578
   1039  531  580  530
   1040  578  530  580
   1041  531  533  532
   1042  531  532  580
   1043  533  582  532
   1044  580  532  582
   1045  533  535  534
   1046  533  534  582
   1047  535  584  534
   1048  582  534  584
   1049  535  537  536
   1050  535  536  584
   1051  537  586  536
   1052  584  536  586
   1053  537  539  538
   1054  537  538  586
   1055  539  588  538
   1056  586  538  588
   1057  540  542  541
   1058  540  541  589
   1059  542  591  541
   1060  589  541  591
   1061  542  544  543
   1062  542  543  591
   1063  544  593  543
   1064  591  543  593
   1065  544  546  545
   1066  544  545  593
   1067  546  595  545
   1068  593  545  595
   1069  546  548  547
   1070  546  547  595
   1071  548  597  547
   1072  595  547  597
   1073  548  550  549
   1074  548  549  597
   1075  550  599  549
   1076  597  549  599
   1077  550  552  551
   1078  550  551  599
   1079  552  601  551
   1080  599  551  601
   1081  552  554  553
   1082  552  553  601
   1083  554  603  553
   1084  601  553  603
   1085  554  556  555
   1086  554  555  603
   1087  556  605  555
   1088  603  555  605
   1089  556  558  557
   1090  556  557  605
   1091  558  607  557
   1092  605  557  607
   1093  558  560  559
   1094  558  559  607
   1095  560  609  559
   1096  607  559  609
   1097  560  562  561
   1098  560  561  609
   1099  562  611  561
   1100  609  561  611
   1101  562  564  563
   1102  562  563  611
   1103  564  613  563
   1104  611  563  613
   1105  564  566  565
   1106  564  565  613
   1107  566  615  565
   1108  613  565  615
   1109  566  568  567
   1110  566  567  615
   1111  568  617  567
   1112  615  567  617
   1113  568  570  569
   1114  568  569  617
   1115  570  619  569
   1116  617  569  619
   1117  570  572  571
   1118  570  571  619
   1119  572  621  571
   1120  619  571  621
   1121  572  574  573
   1122  572  573  621
   1123  574  623  573
   1124  621  573  623
   1125  574  576  575
   1126  574  575  623
   1127  576  625  575
   1128  623  575  625
   1129  576  578  577
   1130  576  577  625
   1131  578  627  577
   1132  625  577  627
   1133  578  580  579
   1134  578  579  627
   1135  580  629  579
   1136  627  579  629
   1137  580  582  581
   1138  580  581  629
   1139  582  631  581
   1140  629  581  631
   1141  582  584  583
   1142  582  583  631
   1143  584  633  583
   1144  631  583  633
   1145  584  586  585
   1146  584  585  633
   1147  586  635  585
   1148  633  585  635
   1149  586  588  587
   1150  586  587  635
   1151  588  637  587
   1152  635  587  637
   1153  589  591  590
   1154  589  590  638
   1155  591  640  590
   1156  638  590  640
   1157  591  593  592
   1158  591  592  640
   1159  593  642  592
   1160  640  592  642
   1161  593  595  594
   1162  593  594  642
   1163  595  644  594
   1164  642  594  644
   1165  595  597  596
   1166  595  596  644
   1167  597  646  596
   1168  644  596  646
   1169  597  599  598
   1170  597  598  646
   1171  599  648  598
   1172  646  598  648
   1173  599  601  600
   1174  599  600  648
   1175  601  650  600
   1176  648  600  650
   1177  601  603  602
   1178  601  602  650
   1179  603  652  602
   1180  650  602  652
   1181  603  605  604
   1182  603  604  652
   1183  605  654  604
   1184  652  604  654
   1185  605  607  606
   1186  605  606  654
   1187  607  656  606
   1188  654  606  656
   1189  607  609  608
   1190  607  608  656
   1191  609  658  608
   1192  656  608  658
   1193  609  611  610
   1194  609  610  658
   1195  611  660  610
   1196  658  610  660
   1197  611  613  612
   1198  611  612  660
   1199  613  662  612
   1200  660  612  662
   1201  613  615  614
   1202  613  614  662
   1203  615  664  614
   1204  662  614  664
   1205  615  617  616
   1206  615  616  664
   1207  617  666  616
   1208  664  616  666
   1209  617  619  618
   1210  617  618  666
   1211  619  668  618
   1212  666  618  668
   1213  619  621  620
   1214  619  620  668
   1215  621  670  620
   1216  668  620  670
   1217  621  623  622
   1218  621  622  670
   1219  623  672  622
   1220  670  622  672
   1221  623  625  624
   1222  623  624  672
   1223  625  674  624
   1224  672  624  674
   1225  625  627  626
   1226  625  626  674
   1227  627  676  626
   1228  674  626  676
   1229  627  629  628
   1230  627  628  676
   1231  629  678  628
   1232  676  628  678
   1233  629  631  630
   1234  629  630  678
   1235  631  680  630
   1236  678  630  680
   1237  631  633  632
   1238  631  632  680
   1239  633  682  632
   1240  680  632  682
   1241  633  635  634
   1242  633  634  682
   1243  635  684  634
   1244  682  634  684
   1245  635  637  636
   1246  635  636  684
   1247  637  686  636
   1248  684  636  686
   1249  638  640  639
   1250  638  639  687
   1251  640  689  639
   1252  687  639  689
   1253  640  642  641
   1254  640  641  689
   1255  642  691  641
   1256  689  641  691
   1257  642  644  643
   1258  642  643  691
   1259  644  693  643
   1260  691  643  693
   1261  644  646  645
   1262  644  645  693
   1263  646  695  645
   1264  693  645  695
   1265  646  648  647
   1266  646  647  695
   1267  648  697  647
   1268  695  647  697
   1269  648  650  649
   1270  648  649  697
   1271  650  699  649
   1272  697  649  699
   1273  650  652  651
   1274  650  651  699
   1275  652  701  651
   1276  699  651  701
   1277  652  654  653
   1278  652  653  701
   1279  654  703  653
   1280  701  653  703
   1281  654  656  655
   1282  654  655  703
   1283  656  705  655
   1284  703  655  705
   1285  656  658  657
   1286  656  657  705
   1287  658  707  657
   1288  705  657  707
   1289  658  660  659
   1290  658  659  707
   1291  660  709  659
   1292  707  659  709
   1293  660  662  661
   1294  660  661  709
   1295  662  711  661
   1296  709  661  711
   1297  662  664  663
   1298  662  663  711
   1299  664  713  663
   1300  711  663  713
   1301  664  666  665
   1302  664  665  713
   1303  666  715  665
   1304  713  665  715
   1305  666  668  667
   1306  666  667  715
   1307  668  717  667
   1308  715  667  717
   1309  668  670  669
   1310  668  669  717
   1311  670  719  669
   1312  717  669  719
   1313  670  672  671
   1314  670  671  719
   1315  672  721  671
   1316  719  671  721
   1317  672  674  673
   1318  672  673  721
   1319  674  723  673
   1320  721  673  723
   1321  674  676  675
   1322  674  675  723
   1323  676  725  675
   1324  723  675  725
   1325  676  678  677
   1326  676  677  725
   1327  678  727  677
   1328  725  677  727
   1329  678  680  679
   1330  678  679  727
   1331  680  729  679
   1332  727  679  729
   1333  680  682  681
   1334  680  681  729
   1335  682  731  681
   1336  729  681  731
   1337  682  684  683
   1338  682  683  731
   1339  684  733  683
   1340  731  683  733
   1341  684  686  685
   1342  684  685  733
   1343  686  735  685
   1344  733  685  735
   1345  687  689  688
   1346  687  688  736
   1347  689  738  688
   1348  736  688  738
   1349  689  691  690
   1350  689  690  738
   1351  691  740  690
   1352  738  690  740
   1353  691  693  692
   1354  691  692  740
   1355  693  742  692
   1356  740  692  742
   1357  693  695  694
   1358  693  694  742
   1359  695  744  694
   1360  742  694  744
   1361  695  697  696
   1362  695  696  744
   1363  697  746  696
   1364  744  696  746
   1365  697  699  698
   1366  697  698  746
   1367  699  748  698
   1368  746  698  748
   1369  699  701  700
   1370  699  700  748
   1371  701  750  700
   1372  748  700  750
   1373  701  703  702
   1374  701  702  750
   1375  703  752  702
   1376  750  702  752
   1377  703  705  704
   1378  703  704  752
   1379  705  754  704
   1380  752  704  754
   1381  705  707  706
   1382  705  706  754
   1383  707  756  706
   1384  754  706  756
   1385  707  709  708
   1386  707  708  756
   1387  709  758  708
   1388  756  708  758
   1389  709  711  710
   1390  709  710  758
   1391  711  760  710
   1392  758  710  760
   1393  711  713  712
   1394  711  712  760
   1395  713  762  712
   1396  760  712  762
   1397  713  715  714
   1398  713  714  762
   1399  715  764  714
   1400  762  714  764
   1401  715  717  716
   1402  715  716  764
   1403  717  766  716
   1404  764  716  766
   1405  717  719  718
   1406  717  718  766
   1407  719  768  718
   1408  766  718  768
   1409  719  721  720
   1410  719  720  768
   1411  721  770  720
   1412  768  720  770
   1413  721  723  722
   1414  721  722  770
   1415  723  772  722
   1416  770  722  772
   1417  723  725  724
   1418  723  724  772
   1419  725  774  724
   1420  772  724  774
   1421  725  727  726
   1422  725  726  774
   1423  727  776  726
   1424  774  726  776
   1425  727  729  728
   1426  727  728  776
   1427  729  778  728
   1428  776  728  778
   1429  729  731  730
   1430  729  730  778
   1431  731  780  730
   1432  778  730  780
   1433  731  733  732
   1434  731  732  780
   1435  733  782  732
   1436  780  732  782
   1437  733  735  734
   1438  733  734  782
   1439  735  784  734
   1440  782  734  784
   1441  736  738  737
   1442  736  737  785
   1443  738  787  737
   1444  785  737  787
   1445  738  740  739
   1446  738  739  787
   1447  740  789  739
   1448  787  739  789
   1449  740  742  741
   1450  740  741  789
   1451  742  791  741
   1452  789  741  791
   1453  742  744  743
   1454  742  743  791
   1455  744  793  743
   1456  791  743  793
   1457  744  746  745
   1458  744  745  793
   1459  746  795  745
   1460  793  745  795
   1461  746  748  747
   1462  746  747  795
   1463  748  797  747
   1464  795  747  797
   1465  748  750  749
   1466  748  749  797
   1467  750  799  749
   1468  797  749  799
   1469  750  752  751
   1470  750  751  799
   1471  752  801  751
   1472  799  751  801
   1473  752  754  753
   1474  752  753  801
   1475  754  803  753
   1476  801  753  803
   1477  754  756  755
   1478  754  755  803
   1479  756  805  755
   1480  803  755  805
   1481  756  758  757
   1482  756  757  805
   1483  758  807  757
   1484  805  757  807
   1485  758  760  759
   1486  758  759  807
   1487  760  809  759
   1488  807  759  809
   1489  760  762  761
   1490  760  761  809
   1491  762  811  761
   1492  809  761  811
   1493  762  764  763
   1494  762  763  811
   1495  764  813  763
   1496  811  763  813
   1497  764  766  765
   1498  764  765  813
   1499  766  815  765
   1500  813  765  815
   1501  766  768  767
   1502  766  767  815
   1503  768  817  767
   1504  815  767  817
   1505  768  770  769
   1506  768  769  817
   1507  770  819  769
   1508  817  769  819
   1509  770  772  771
   1510  770  771  819
   1511  772  821  771
   1512  819  771  821
   1513  772  774  773
   1514  772  773  821
   1515  774  823  773
   1516  821  773  823
   1517  774  776  775
   1518  774  775  823
   1519  776  825  775
   1520  823  775  825
   1521  776  778  777
   1522  776  777  825
   1523  778  827  777
   1524  825  777  827
   1525  778  780  779
   1526  778  779  827
   1527  780  829  779
   1528  827  779  829
   1529  780  782  781
   1530  780  781  829
   1531  782  831  781
   1532  829  781  831
   1533  782  784  783
   1534  782  783  831
   1535  784  833  783
   1536  831  783  833
   1537  785  787  786
   1538  785  786  834
   1539  787  836  786
   1540  834  786  836
   1541  787  789  788
   1542  787  788  836
   1543  789  838  788
   1544  836  788  838
   1545  789  791  790
   1546  789  790  838
   1547  791  840  790
   1548  838  790  840
   1549  791  793  792
   1550  791  792  840
   1551  793  842  792
   1552  840  792  842
   1553  793  795  794
   1554  793  794  842
   1555  795  844  794
   1556  842  794  844
   1557  795  797  796
   1558  795  796  844
   1559  797  846  796
   1560  844  796  846
   1561  797  799  798
   1562  797  798  846
   1563  799  848  798
   1564  846  798  848
   1565  799  801  800
   1566  799  800  848
   1567  801  850  800
   1568  848  800  850
   1569  801  803  802
   1570  801  802  850
   1571  803  852  802
   1572  850  802  852
   1573  803  805  804
   1574  803  804  852
   1575  805  854  804
   1576  852  804  854
   1577  805  807  806
   1578  805  806  854
   1579  807  856  806
   1580  854  806  856
   1581  807  809  808
   1582  807  808  856
   1583  809  858  808
   1584  856  808  858
   1585  809  811  810
   1586  809  810  858
   1587  811  860  810
   1588  858  810  860
   1589  811  813  812
   1590  811  812  860
   1591  813  862  812
   1592  860  812  862
   1593  813  815  814
   1594  813  814  862
   1595  815  864  814
   1596  862  814  864
   1597  815  817  816
   1598  815  816  864
   1599  817  866  816
   1600  864  816  866
   1601  817  819  818
   1602  817  818  866
   1603  819  868  818
   1604  866  818  868
   1605  819  821  820
   1606  819  820  868
   1607  821  870  820
   1608  868  820  870
   1609  821  823  822
   1610  821  822  870
   1611  823  872  822
   1612  870  822  872
   1613  823  825  824
   1614  823  824  872
   1615  825  874  824
   1616  872  824  874
   1617  825  827  826
   1618  825  826  874
   1619  827  876  826
   1620  874  826  876
   1621  827  829  828
   1622  827  828  876
   1623  829  878  828
   1624  876  828  878
   1625  829  831  830
   1626  829  830  878
   1627  831  880  830
   1628  878  830  880
   1629  831  833  832
   1630  831  832  880
   1631  833  882  832
   1632  880  832  882
   1633  834  836  835
   1634  834  835  883
   1635  836  885  835
   1636  883  835  885
   1637  836  838  837
   1638  836  837  885
   1639  838  887  837
   1640  885  837  887
   1641  838  840  839
   1642  838  839  887
   1643  840  889  839
   1644  887  839  889
   1645  840  842  841
   1646  840  841  889
   1647  842  891  841
   1648  889  841  891
   1649  842  844  843
   1650  842  843  891
   1651  844  893  843
   1652  891  843  893
   1653  844  846  845
   1654  844  845  893
   1655  846  895  845
   1656  893  845  895
   1657  846  848  847
   1658  846  847  895
   1659  848  897  847
   1660  895  847  897
   1661  848  850  849
   1662  848  849  897
   1663  850  899  849
   1664  897  849  899
   1665  850  852  851
   1666  850  851  899
   1667  852  901  851
   1668  899  851  901
   1669  852  854  853
   1670  852  853  901
   1671  854  903  853
   1672  901  853  903
   1673  854  856  855
   1674  854  855  903
   1675  856  905  855
   1676  903  855  905
   1677  856  858  857
   1678  856  857  905
   1679  858  907  857
   1680  905  857  907
   1681  858  860  859
   1682  858  859  907
   1683  860  909  859
   1684  907  859  909
   1685  860  862  861
   1686  860  861  909
   1687  862  911  861
   1688  909  861  911
   1689  862  864  863
   1690  862  863  911
   1691  864  913  863
   1692  911  863  913
   1693  864  866  865
   1694  864  865  913
   1695  866  915  865
   1696  913  865  915
   1697  866  868  867
   1698  866  867  915
   1699  868  917  867
   1700  915  867  917
   1701  868  870  869
   1702  868  869  917
   1703  870  919  869
   1704  917  869  919
   1705  870  872  871
   1706  870  871  919
   1707  872  921  871
   1708  919  871  921
   1709  872  874  873
   1710  872  873  921
   1711  874  923  873
   1712  921  873  923
   1713  874  876  875
   1714  874  875  923
   1715  876  925  875
   1716  923  875  925
   1717  876  878  877
   1718  876  877  925
   1719  878  927  877
   1720  925  877  927
   1721  878  880  879
   1722  878  879  927
   1723  880  929  879
   1724  927  879  929
   1725  880  882  881
   1726  880  881  929
   1727  882  931  881
   1728  929  881  931
   1729  883  885  884
   1730  883  884  932
   1731  885  934  884
   1732  932  884  934
   1733  885  887  886
   1734  885  886  934
   1735  887  936  886
   1736  934  886  936
   1737  887  889  888
   1738  887  888  936
   1739  889  938  888
   1740  936  888  938
   1741  889  891  890
   1742  889  890  938
   1743  891  940  890
   1744  938  890  940
   1745  891  893  892
   1746  891  892  940
   1747  893  942  892
   1748  940  892  942
   1749  893  895  894
   1750  893  894  942
   1751  895  944  894
   1752  942  894  944
   1753  895  897  896
   1754  895  896  944
   1755  897  946  896
   1756  944  896  946
   1757  897  899  898
   1758  897  898  946
   1759  899  948  898
   1760  946  898  948
   1761  899  901  900
   1762  899  900  948
   1763  901  950  900
   1764  948  900  950
   1765  901  903  902
   1766  901  902  950
   1767  903  952  902
   1768  950  902  952
   1769  903  905  904
   1770  903  904  952
   1771  905  954  904
   1772  952  904  954
   1773  905  907  906
   1774  905  906  954
   1775  907  956  906
   1776  954  906  956
   1777  907  909  908
   1778  907  908  956
   1779  909  958  908
   1780  956  908  958
   1781  909  911  910
   1782  909  910  958
   1783  911  960  910
   1784  958  910  960
   1785  911  913  912
   1786  911  912  960
   1787  913  962  912
   1788  960  912  962
   1789  913  915  914
   1790  913  914  962
   1791  915  964  914
   1792  962  914  964
   1793  915  917  916
   1794  915  916  964
   1795  917  966  916
   1796  964  916  966
   1797  917  919  918
   1798  917  918  966
   1799  919  968  918
   1800  966  918  968
   1801  919  921  920
   1802  919  920  968
   1803  921  970  920
   1804  968  920  970
   1805  921  923  922
   1806  921  922  970
   1807  923  972  922
   1808  970  922  972
   1809  923  925  924
   1810  923  924  972
   1811  925  974  924
   1812  972  924  974
   1813  925  927  926
   1814  925  926  974
   1815  927  976  926
   1816  974  926  976
   1817  927  929  928
   1818  927  928  976
   1819  929  978  928
   1820  976  928  978
   1821  929  931  930
   1822  929  930  978
   1823  931  980  930
   1824  978  930  980
   1825  932  934  933
   1826  932  933  981
   1827  934  983  933
   1828  981  933  983
   1829  934  936  935
   1830  934  935  983
   1831  936  985  935
   1832  983  935  985
   1833  936  938  937
   1834  936  937  985
   1835  938  987  937
   1836  985  937  987
   1837  938  940  939
   1838  938  939  987
   1839  940  989  939
   1840  987  939  989
   1841  940  942  941
   1842  940  941  989
   1843  942  991  941
   1844  989  941  991
   1845  942  944  943
   1846  942  943  991
   1847  944  993  943
   1848  991  943  993
   1849  944  946  945
   1850  944  945  993
   1851  946  995  945
   1852  993  945  995
   1853  946  948  947
   1854  946  947  995
   1855  948  997  947
   1856  995  947  997
   1857  948  950  949
   1858  948  949  997
   1859  950  999  949
   1860  997  949  999
   1861  950  952  951
   1862  950  951  999
   1863  952  1001  951
   1864  999  951  1001
   1865  952  954  953
   1866  952  953  1001
   1867  954  1003  953
   1868  1001  953  1003
   1869  954  956  955
   1870  954  955  1003
   1871  956  1005  955
   1872  1003  955  1005
   1873  956  958  957
   1874  956  957  1005
   1875  958  1007  957
   1876  1005  957  1007
   1877  958  960  959
   1878  958  959  1007
   1879  960  1009  959
   1880  1007  959  1009
   1881  960  962  961
   1882  960  961  1009
   1883  962  1011  961
   1884  1009  961  1011
   1885  962  964  963
   1886  962  963  1011
   1887  964  1013  963
   1888  1011  963  1013
   1889  964  966  965
   1890  964  965  1013
   1891  966  1015  965
   1892  1013  965  1015
   1893  966  968  967
   1894  966  967  1015
   1895  968  1017  967
   1896  1015  967  1017
   1897  968  970  969
   1898  968  969  1017
   1899  970  1019  969
   1900  1017  969  1019
   1901  970  972  971
   1902  970  971  1019
   1903  972  1021  971
   1904  1019  971  1021
   1905  972  974  973
   1906  972  973  1021
   1907  974  1023  973
   1908  1021  973  1023
   1909  974  976  975
   1910  974  975  1023
   1911  976  1025  975
   1912  1023  975  1025
   1913  976  978  977
   1914  976  977  1025
   1915  978  1027  977
   1916  1025  977  1027
   1917  978  980  979
   1918  978  979  1027
   1919  980  1029  979
   1920  1027  979  1029
   1921  981  983  982
   1922  981  982  1030
   1923  983  1032  982
   1924  1030  982  1032
   1925  983  985  984
   1926  983  984  1032
   1927  985  1034  984
   1928  1032  984  1034
   1929  985  987  986
   1930  985  986  1034
   1931  987  1036  986
   1932  1034  986  1036
   1933  987  989  988
   1934  987  988  1036
   1935  989  1038  988
   1936  1036  988  1038
   1937  989  991  990
   1938  989  990  1038
   1939  991  1040  990
   1940  1038  990  1040
   1941  991  993  992
   1942  991  992  1040
   1943  993  1042  992
   1944  1040  992  1042
   1945  993  995  994
   1946  993  994  1042
   1947  995  1044  994
   1948  1042  994  1044
   1949  995  997  996
   1950  995  996  1044
   1951  997  1046  996
   1952  1044  996  1046
   1953  997  999  998
   1954  997  998  1046
   1955  999  1048  998
   1956  1046  998  1048
   1957  999  1001  1000
   1958  999  1000  1048
   1959  1001  1050  1000
   1960  1048  1000  1050
   1961  1001  1003  1002
   1962  1001  1002  1050
   1963  1003  1052  1002
   1964  1050  1002  1052
   1965  1003  1005  1004
   1966  1003  1004  1052
   1967  1005  1054  1004
   1968  1052  1004  1054
   1969  1005  1007  1006
   1970  1005  1006  1054
   1971  1007  1056  1006
   1972  1054  1006  1056
   1973  1007  1009  1008
   1974  1007  1008  1056
   1975  1009  1058  1008
   1976  1056  1008  1058
   1977  1009  1011  1010
   1978  1009  1010  1058
   1979  1011  1060  1010
   1980  1058  1010  1060
   1981  1011  1013  1012
   1982  1011  1012  1060
   1983  1013  1062  1012
   1984  1060  1012  1062
   1985  1013  1015  1014
   1986  1013  1014  1062
   1987  1015  1064  1014
   1988  1062  1014  1064
   1989  1015  1017  1016
   1990  1015  1016  1064
   1991  1017  1066  1016
   1992  1064  1016  1066
   1993  1017  1019  1018
   1994  1017  1018  1066
   1995  1019  1068  1018
   1996  1066  1018  1068
   1997  1019  1021  1020
   1998  1019  1020  1068
   1999  1021  1070  1020
   2000  1068  1020  1070
   2001  1021  1023  1022
   2002  1021  1022  1070
   2003  1023  1072  1022
   2004  1070  1022  1072
   2005  1023  1025  1024
   2006  1023  1024  1072
   2007  1025  1074  1024
   2008  1072  1024  1074
   2009  1025  1027  1026
   2010  1025  1026  1074
   2011  1027  1076  1026
   2012  1074  1026  1076
   2013  1027  1029  1028
   2014  1027  1028  1076
   2015  1029  1078  1028
   2016  1076  1028  1078
   2017  1030  1032  1031
   2018  1030  1031  1079
   2019  1032  1081  1031
   2020  1079  1031  1081
   2021  1032  1034  1033
   2022  1032  1033  1081
   2023  1034  1083  1033
   2024  1081  1033  1083
   2025  1034  1036  1035
   2026  1034  1035  1083
   2027  1036  1085  1035
   2028  1083  1035  1085
   2029  1036  1038  1037
   2030  1036  1037  1085
   2031  1038  1087  1037
   2032  1085  1037  1087
   2033  1038  1040  1039
   2034  1038  1039  1087
   2035  1040  1089  1039
   2036  1087  1039  1089
   2037  1040  1042  1041
   2038  1040  1041  1089
   2039  1042  1091  1041
   2040  1089  1041  1091
   2041  1042  1044  1043
   2042  1042  1043  1091
   2043  1044  1093  1043
   2044  1091  1043  1093
   2045  1044  1046  1045
   2046  1044  1045  1093
   2047  1046  1095  1045
   2048  1093  1045  1095
   2049  1046  1048  1047
   2050  1046  1047  1095
   2051  1048  1097  1047
   2052  1095  1047  1097
   2053  1048  1050  1049
   2054  1048  1049  1097
   2055  1050  1099  1049
   2056  1097  1049  1099
   2057  1050  1052  1051
   2058  1050  1051  1099
   2059  1052  1101  1051
   2060  1099  1051  1101
   2061  1052  1054  1053
   2062  1052  1053  1101
   2063  1054  1103  1053
   2064  1101  1053  1103
   2065  1054  1056  1055
   2066  1054  1055  1103
   2067  1056  1105  1055
   2068  1103  1055  1105
   2069  1056  1058  1057
   2070  1056  1057  1105
   2071  1058  1107  1057
   2072  1105  1057  1107
   2073  1058  1060  1059
   2074  1058  1059  1107
   2075  1060  1109  1059
   2076  1107  1059  1109
   2077  1060  1062  1061
   2078  1060  1061  1109
   2079  1062  1111  1061
   2080  1109  1061  1111
   2081  1062  1064  1063
   2082  1062  1063  1111
   2083  1064  1113  1063
   2084  1111  1063  1113
   2085  1064  1066  1065
   2086  1064  1065  1113
   2087  1066  1115  1065
   2088  1113  1065  1115
   2089  1066  1068  1067
   2090  1066  1067  1115
   2091  1068  1117  1067
   2092  1115  1067  1117
   2093  1068  1070  1069
   2094  1068  1069  1117
   2095  1070  1119  1069
   2096  1117  1069  1119
   2097  1070  1072  1071
   2098  1070  1071  1119
   2099  1072  1121  1071
   2100  1119  1071  1121
   2101  1072  1074  1073
   2102  1072  1073  1121
   2103  1074  1123  1073
   2104  1121  1073  1123
   2105  1074  1076  1075
   2106  1074  1075  1123
   2107  1076  1125  1075
   2108  1123  1075  1125
   2109  1076  1078  1077
   2110  1076  1077  1125
   2111  1078  1127  1077
   2112  1125  1077  1127
   2113  1079  1081  1080
   2114  1079  1080  1128
   2115  1081  1130  1080
   2116  1128  1080  1130
   2117  1081  1083  1082
   2118  1081  1082  1130
   2119  1083  1132  1082
   2120  1130  1082  1132
   2121  1083  1085  1084
   2122  1083  1084  1132
   2123  1085  1134  1084
   2124  1132  1084  1134
   2125  1085  1087  1086
   2126  1085  1086  1134
   2127  1087  1136  1086
   2128  1134  1086  1136
   2129  1087  1089  1088
   2130  1087  1088  1136
   2131  1089  1138  1088
   2132  1136  1088  1138
   2133  1089  1091  1090
   2134  1089  1090  1138
   2135  1091  1140  1090
   2136  1138  1090  1140
   2137  1091  1093  1092
   2138  1091  1092  1140
   2139  1093  1142  1092
   2140  1140  1092  1142
   2141  1093  1095  1094
   2142  1093  1094  1142
   2143  1095  1144  1094
   2144  1142  1094  1144
   2145  1095  1097  1096
   2146  1095  1096  1144
   2147  1097  1146  1096
   2148  1144  1096  1146
   2149  1097  1099  1098
   2150  1097  1098  1146
   2151  1099  1148  1098
   2152  1146  1098  1148
   2153  1099  1101  1100
   2154  1099  1100  1148
   2155  1101  1150  1100
   2156  1148  1100  1150
   2157  1101  1103  1102
   2158  1101  1102  1150
   2159  1103  1152  1102
   2160  1150  1102  1152
   2161  1103  1105  1104
   2162  1103  1104  1152
   2163  1105  1154  1104
   2164  1152  1104  1154
   2165  1105  1107  1106
   2166  1105  1106  1154
   2167  1107  1156  1106
   2168  1154  1106  1156
   2169  1107  1109  1108
   2170  1107  1108  1156
   2171  1109  1158  1108
   2172  1156  1108  1158
   2173  1109  1111  1110
   2174  1109  1110  1158
   2175  1111  1160  1110
   2176  1158  1110  1160
   2177  1111  1113  1112
   2178  1111  1112  1160
   2179  1113  1162  1112
   2180  1160  1112  1162
   2181  1113  1115  1114
   2182  1113  1114  1162
   2183  1115  1164  1114
   2184  1162  1114  1164
   2185  1115  1117  1116
   2186  1115  1116  1164
   2187  1117  1166  1116
   2188  1164  1116  1166
   2189  1117  1119  1118
   2190  1117  1118  1166
   2191  1119  1168  1118
   2192  1166  1118  1168
   2193  1119  1121  1120
   2194  1119  1120  1168
   2195  1121  1170  1120
   2196  1168  1120  1170
   2197  1121  1123  1122
   2198  1121  1122  1170
   2199  1123  1172  1122
   2200  1170  1122  1172
   2201  1123  1125  1124
   2202  1123  1124  1172
   2203  1125  1174  1124
   2204  1172  1124  1174
   2205  1125  1127  1126
   2206  1125  1126  1174
   2207  1127  1176  1126
   2208  1174  1126  1176
   2209  1128  1130  1129
   2210  1128  1129  1177
   2211  1130  1178  1129
   2212  1177  1129  1178
   2213  1130  1132  1131
   2214  1130  1131  1178
   2215  1132  1179  1131
   2216  1178  1131  1179
   2217  1132  1134  1133
   2218  1132  1133  1179
   2219  1134  1180  1133
   2220  1179  1133  1180
   2221  1134  1136  1135
   2222  1134  1135  1180
   2223  1136  1181  1135
   2224  1180  1135  1181
   2225  1136  1138  1137
   2226  1136  1137  1181
   2227  1138  1182  1137
   2228  1181  1137  1182
   2229  1138  1140  1139
   2230  1138  1139  1182
   2231  1140  1183  1139
   2232  1182  1139  1183
   2233  1140  1142  1141
   2234  1140  1141  1183
   2235  1142  1184  1141
   2236  1183  1141  1184
   2237  1142  1144  1143
   2238  1142  1143  1184
   2239  1144  1185  1143
   2240  1184  1143  1185
   2241  1144  1146  1145
   2242  1144  1145  1185
   2243  1146  1186  1145
   2244  1185  1145  1186
   2245  1146  1148  1147
   2246  1146  1147  1186
   2247  1148  1187  1147
   2248  1186  1147  1187
   2249  1148  1150  1149
   2250  1148  1149  1187
   2251  1150  1188  1149
   2252  1187  1149  1188
   2253  1150  1152  1151
   2254  1150  1151  1188
   2255  1152  1189  1151
   2256  1188  1151  1189
   2257  1152  1154  1153
   2258  1152  1153  1189
   2259  1154  1190  1153
   2260  1189  1153  1190
   2261  1154  1156  1155
   2262  1154  1155  1190
   2263  1156  1191  1155
   2264  1190  1155  1191
   2265  1156  1158  1157
   2266  1156  1157  1191
   2267  1158  1192  1157
   2268  1191  1157  1192
   2269  1158  1160  1159
   2270  1158  1159  1192
   2271  1160  1193  1159
   2272  1192  1159  1193
   2273  1160  1162  1161
   2274  1160  1161  1193
   2275  1162  1194  1161
   2276  1193  1161  1194
   2277  1162  1164  1163
   2278  1162  1163  1194
   2279  1164  1195  1163
   2280  1194  1163  1195
   2281  1164  1166  1165
   2282  1164  1165  1195
   2283  1166  1196  1165
   2284  1195  1165  1196
   2285  1166  1168  1167
   2286  1166  1167  1196
   2287  1168  1197  1167
   2288  1196  1167  1197
   2289  1168  1170  1169
   2290  1168  1169  1197
   2291  1170  1198  1169
   2292  1197  1169  1198
   2293  1170  1172  1171
   2294  1170  1171  1198
   2295  1172  1199  1171
   2296  1198  1171  1199
   2297  1172  1174  1173
   2298  1172  1173  1199
   2299  1174  1200  1173
   2300  1199  1173  1200
   2301  1174  1176  1175
   2302  1174  1175  1200
   2303  1176  1201  1175
   2304  1200  1175  1201
