   1201
   1  1.00000000000000  0.000000000000000
   2  1.04114241026991  3.408347346942945E-002
   3  1.08333333333333  0.000000000000000
   4  1.12449805585701  3.681225476473609E-002
   5  1.16666666666667  0.000000000000000
   6  1.20785370144411  3.954103606004274E-002
   7  1.25000000000000  0.000000000000000
   8  1.29120934703121  4.226981735534937E-002
   9  1.33333333333333  0.000000000000000
   10  1.37456499261831  4.499859865065601E-002
   11  1.41666666666667  0.000000000000000
   12  1.45792063820540  4.772737994596264E-002
   13  1.50000000000000  0.000000000000000
   14  1.54127628379250  5.045616124126928E-002
   15  1.58333333333333  0.000000000000000
   16  1.62463192937960  5.318494253657592E-002
   17  1.66666666666667  0.000000000000000
   18  1.70798757496670  5.591372383188255E-002
   19  1.75000000000000  0.000000000000000
   20  1.79134322055379  5.864250512718919E-002
   21  1.83333333333333  0.000000000000000
   22  1.87469886614089  6.137128642249583E-002
   23  1.91666666666667  0.000000000000000
   24  1.95805451172799  6.410006771780247E-002
   25  2.00000000000000  0.000000000000000
   26  2.04141015731509  6.682884901310911E-002
   27  2.08333333333333  0.000000000000000
   28  2.12476580290219  6.955763030841573E-002
   29  2.16666666666667  0.000000000000000
   30  2.20812144848928  7.228641160372237E-002
   31  2.25000000000000  0.000000000000000
   32  2.29147709407638  7.501519289902901E-002
   33  2.33333333333333  0.000000000000000
   34  2.37483273966348  7.774397419433564E-002
   35  2.41666666666667  0.000000000000000
   36  2.45818838525058  8.047275548964228E-002
   37  2.50000000000000  0.000000000000000
   38  2.54154403083767  8.320153678494894E-002
   39  2.58333333333333  0.000000000000000
   40  2.62489967642477  8.593031808025556E-002
   41  2.66666666666667  0.000000000000000
   42  2.70825532201187  8.865909937556220E-002
   43  2.75000000000000  0.000000000000000
   44  2.79161096759897  9.138788067086884E-002
   45  2.83333333333333  0.000000000000000
   46  2.87496661318607  9.411666196617546E-002
   47  2.91666666666667  0.000000000000000
   48  2.95832225877316  9.684544326148210E-002
   49  3.00000000000000  0.000000000000000
   50  0.997858923238604  6.540312923014306E-002
   51  1.03695170989990  0.102130829121652
   52  1.08128147021560  7.087093183588227E-002
   53  1.12048567635530  0.110358206705835
   54  1.16470401719260  7.633873444162147E-002
   55  1.20401964281070  0.118585584290018
   56  1.24812656416959  8.180653704736066E-002
   57  1.28755360926610  0.126812961874200
   58  1.33154911114659  8.727433965309988E-002
   59  1.37108757572151  0.135040339458383
   60  1.41497165812358  9.274214225883908E-002
   61  1.45462154217691  0.143267717042566
   62  1.49839420510058  9.820994486457828E-002
   63  1.53815550863231  0.151495094626749
   64  1.58181675207758  0.103677747470317
   65  1.62168947508771  0.159722472210932
   66  1.66523929905457  0.109145550076057
   67  1.70522344154311  0.167949849795115
   68  1.74866184603157  0.114613352681796
   69  1.78875740799851  0.176177227379297
   70  1.83208439300856  0.120081155287535
   71  1.87229137445392  0.184404604963480
   72  1.91550693998556  0.125548957893274
   73  1.95582534090932  0.192631982547663
   74  1.99892948696256  0.131016760499013
   75  2.03935930736472  0.200859360131846
   76  2.08235203393955  0.136484563104753
   77  2.12289327382012  0.209086737716029
   78  2.16577458091655  0.141952365710492
   79  2.20642724027552  0.217314115300211
   80  2.24919712789354  0.147420168316231
   81  2.28996120673093  0.225541492884394
   82  2.33261967487054  0.152887970921970
   83  2.37349517318633  0.233768870468577
   84  2.41604222184754  0.158355773527709
   85  2.45702913964173  0.241996248052760
   86  2.49946476882453  0.163823576133449
   87  2.54056310609713  0.250223625636943
   88  2.58288731580153  0.169291378739188
   89  2.62409707255253  0.258451003221125
   90  2.66630986277852  0.174759181344927
   91  2.70763103900793  0.266678380805308
   92  2.74973240975552  0.180226983950666
   93  2.79116500546334  0.274905758389491
   94  2.83315495673252  0.185694786556406
   95  2.87469897191874  0.283133135973674
   96  2.91657750370951  0.191162589162145
   97  2.95823293837414  0.291360513557857
   98  3.00000000000000  0.196630388445715
   99  0.991444861373810  0.130526192220052
   100  1.02858826283950  0.169820609489453
   101  1.07513465436840  0.141544162490361
   102  1.11247812434875  0.183670881679180
   103  1.15882444736298  0.152562132760670
   104  1.19636798585800  0.197521153868908
   105  1.24251424035756  0.163580103030979
   106  1.28025784736725  0.211371426058636
   107  1.32620403335215  0.174598073301289
   108  1.36414770887650  0.225221698248364
   109  1.40989382634673  0.185616043571598
   110  1.44803757038575  0.239071970438092
   111  1.49358361934132  0.196634013841907
   112  1.53192743189500  0.252922242627820
   113  1.57727341233590  0.207651984112216
   114  1.61581729340425  0.266772514817547
   115  1.66096320533049  0.218669954382525
   116  1.69970715491350  0.280622787007275
   117  1.74465299832507  0.229687924652835
   118  1.78359701642274  0.294473059197003
   119  1.82834279131966  0.240705894923144
   120  1.86748687793199  0.308323331386731
   121  1.91203258431424  0.251723865193453
   122  1.95137673944124  0.322173603576459
   123  1.99572237730883  0.262741835463762
   124  2.03526660095049  0.336023875766187
   125  2.07941217030341  0.273759805734072
   126  2.11915646245974  0.349874147955915
   127  2.16310196329800  0.284777776004381
   128  2.20304632396899  0.363724420145642
   129  2.24679175629258  0.295795746274690
   130  2.28693618547824  0.377574692335370
   131  2.33048154928717  0.306813716544999
   132  2.37082604698749  0.391424964525098
   133  2.41417134228175  0.317831686815309
   134  2.45471590849674  0.405275236714826
   135  2.49786113527634  0.328849657085618
   136  2.53860577000599  0.419125508904554
   137  2.58155092827092  0.339867627355927
   138  2.62249563151524  0.432975781094282
   139  2.66524072126551  0.350885597626236
   140  2.70638549302448  0.446826053284009
   141  2.74893051426009  0.361903567896546
   142  2.79027535453373  0.460676325473737
   143  2.83262030725468  0.372921538166855
   144  2.87416521604298  0.474526597663465
   145  2.91631010024926  0.383939508437164
   146  2.95805507755223  0.488376869853193
   147  3.00000000000000  0.394957492762188
   148  0.980785280403230  0.195090322016128
   149  1.01608787683877  0.236918463929901
   150  1.06491922880967  0.211825604870651
   151  1.10050967196163  0.256602865720955
   152  1.14905317721611  0.228560887725174
   153  1.18493146708450  0.276287267512010
   154  1.23318712562255  0.245296170579697
   155  1.26935326220736  0.295971669303065
   156  1.31732107402899  0.262031453434219
   157  1.35377505733023  0.315656071094119
   158  1.40145502243543  0.278766736288742
   159  1.43819685245309  0.335340472885174
   160  1.48558897084186  0.295502019143265
   161  1.52261864757596  0.355024874676229
   162  1.56972291924830  0.312237301997788
   163  1.60704044269882  0.374709276467284
   164  1.65385686765474  0.328972584852311
   165  1.69146223782169  0.394393678258338
   166  1.73799081606118  0.345707867706833
   167  1.77588403294455  0.414078080049393
   168  1.82212476446762  0.362443150561356
   169  1.86030582806742  0.433762481840448
   170  1.90625871287406  0.379178433415879
   171  1.94472762319028  0.453446883631503
   172  1.99039266128050  0.395913716270402
   173  2.02914941831315  0.473131285422557
   174  2.07452660968694  0.412648999124925
   175  2.11357121343601  0.492815687213612
   176  2.15866055809338  0.429384281979447
   177  2.19799300855888  0.512500089004667
   178  2.24279450649982  0.446119564833970
   179  2.28241480368174  0.532184490795721
   180  2.32692845490626  0.462854847688493
   181  2.36683659880461  0.551868892586776
   182  2.41106240331269  0.479590130543016
   183  2.45125839392748  0.571553294377831
   184  2.49519635171913  0.496325413397539
   185  2.53568018905034  0.591237696168886
   186  2.57933030012557  0.513060696252061
   187  2.62010198417321  0.610922097959940
   188  2.66346424853201  0.529795979106584
   189  2.70452377929607  0.630606499750995
   190  2.74759819693845  0.546531261961107
   191  2.78894557441894  0.650290901542050
   192  2.83173214534489  0.563266544815630
   193  2.87336736954180  0.669975303333104
   194  2.91586609375133  0.580001827670153
   195  2.95778916466467  0.689659705124159
   196  3.00000000000000  0.596737102138974
   197  0.965925826289068  0.258819045102521
   198  0.999504077864079  0.303196247272083
   199  1.05067891615224  0.281528567087399
   200  1.08463156212782  0.329019387307325
   201  1.13543200601541  0.304238089072278
   202  1.16975904639156  0.354842527342566
   203  1.22018509587858  0.326947611057156
   204  1.25488653065530  0.380665667377808
   205  1.30493818574175  0.349657133042035
   206  1.34001401491904  0.406488807413049
   207  1.38969127560491  0.372366655026914
   208  1.42514149918277  0.432311947448291
   209  1.47444436546808  0.395076177011792
   210  1.51026898344651  0.458135087483532
   211  1.55919745533125  0.417785698996671
   212  1.59539646771025  0.483958227518774
   213  1.64395054519442  0.440495220981549
   214  1.68052395197399  0.509781367554015
   215  1.72870363505759  0.463204742966428
   216  1.76565143623773  0.535604507589257
   217  1.81345672492076  0.485914264951306
   218  1.85077892050147  0.561427647624498
   219  1.89820981478393  0.508623786936185
   220  1.93590640476521  0.587250787659740
   221  1.98296290464710  0.531333308921063
   222  2.02103388902895  0.613073927694981
   223  2.06771599451027  0.554042830905942
   224  2.10616137329269  0.638897067730223
   225  2.15246908437344  0.576752352890820
   226  2.19128885755643  0.664720207765464
   227  2.23722217423661  0.599461874875699
   228  2.27641634182017  0.690543347800706
   229  2.32197526409978  0.622171396860578
   230  2.36154382608391  0.716366487835947
   231  2.40672835396294  0.644880918845456
   232  2.44667131034765  0.742189627871189
   233  2.49148144382611  0.667590440830335
   234  2.53179879461138  0.768012767906431
   235  2.57623453368928  0.690299962815213
   236  2.61692627887512  0.793835907941672
   237  2.66098762355245  0.713009484800092
   238  2.70205376313886  0.819659047976914
   239  2.74574071341562  0.735719006784970
   240  2.78718124740260  0.845482188012155
   241  2.83049380327879  0.758428528769849
   242  2.87230873166634  0.871305328047397
   243  2.91524689314196  0.781138050754728
   244  2.95743621593008  0.897128468082638
   245  3.00000000000000  0.803847577293368
   246  0.946930129495106  0.321439465303162
   247  0.978907885165061  0.368434839016973
   248  1.03247470468151  0.350477935672845
   249  1.06491180198053  0.400804421208452
   250  1.11801927986792  0.379516406042529
   251  1.15091571879600  0.433174003399931
   252  1.20356385505432  0.408554876412212
   253  1.23691963561148  0.465543585591410
   254  1.28910843024073  0.437593346781896
   255  1.32292355242695  0.497913167782889
   256  1.37465300542713  0.466631817151579
   257  1.40892746924242  0.530282749974368
   258  1.46019758061354  0.495670287521263
   259  1.49493138605789  0.562652332165847
   260  1.54574215579994  0.524708757890946
   261  1.58093530287336  0.595021914357326
   262  1.63128673098635  0.553747228260630
   263  1.66693921968883  0.627391496548805
   264  1.71683130617275  0.582785698630313
   265  1.75294313650430  0.659761078740284
   266  1.80237588135916  0.611824168999997
   267  1.83894705331977  0.692130660931763
   268  1.88792045654556  0.640862639369680
   269  1.92495097013525  0.724500243123242
   270  1.97346503173197  0.669901109739364
   271  2.01095488695072  0.756869825314721
   272  2.05900960691837  0.698939580109047
   273  2.09695880376619  0.789239407506200
   274  2.14455418210478  0.727978050478731
   275  2.18296272058166  0.821608989697678
   276  2.23009875729118  0.757016520848414
   277  2.26896663739713  0.853978571889158
   278  2.31564333247759  0.786054991218098
   279  2.35497055421260  0.886348154080636
   280  2.40118790766400  0.815093461587781
   281  2.44097447102807  0.918717736272115
   282  2.48673248285040  0.844131931957465
   283  2.52697838784355  0.951087318463594
   284  2.57227705803681  0.873170402327148
   285  2.61298230465902  0.983456900655073
   286  2.65782163322321  0.902208872696832
   287  2.69898622147449  1.01582648284655
   288  2.74336620840962  0.931247343066516
   289  2.78499013828996  1.04819606503803
   290  2.82891078359602  0.960285813436199
   291  2.87099405510543  1.08056564722951
   292  2.91445535878243  0.989324283805882
   293  2.95699797192090  1.11293522942099
   294  3.00000000000000  1.01836277659013
   295  0.923879532511287  0.382683432365090
   296  0.954387497394233  0.432427349243021
   297  1.01038455377265  0.418514985384920
   298  1.04143484234035  0.471867988120275
   299  1.09688957503402  0.454346538404750
   300  1.12848218728646  0.511308626997528
   301  1.18339459629538  0.490178091424580
   302  1.21552953223258  0.550749265874781
   303  1.26989961755674  0.526009644444410
   304  1.30257687717869  0.590189904752035
   305  1.35640463881811  0.561841197464240
   306  1.38962422212481  0.629630543629288
   307  1.44290966007947  0.597672750484070
   308  1.47667156707092  0.669071182506541
   309  1.52941468134084  0.633504303503900
   310  1.56371891201704  0.708511821383794
   311  1.61591970260220  0.669335856523730
   312  1.65076625696315  0.747952460261048
   313  1.70242472386356  0.705167409543560
   314  1.73781360190927  0.787393099138301
   315  1.78892974512493  0.740998962563390
   316  1.82486094685538  0.826833738015554
   317  1.87543476638629  0.776830515583220
   318  1.91190829180150  0.866274376892808
   319  1.96193978764766  0.812662068603050
   320  1.99895563674761  0.905715015770061
   321  2.04844480890902  0.848493621622880
   322  2.08600298169373  0.945155654647314
   323  2.13494983017039  0.884325174642709
   324  2.17305032663984  0.984596293524567
   325  2.22145485143175  0.920156727662540
   326  2.26009767158596  1.02403693240182
   327  2.30795987269311  0.955988280682370
   328  2.34714501653208  1.06347757127907
   329  2.39446489395448  0.991819833702199
   330  2.43419236147819  1.10291821015633
   331  2.48096991521584  1.02765138672203
   332  2.52123970642431  1.14235884903358
   333  2.56747493647721  1.06348293974186
   334  2.60828705137042  1.18179948791083
   335  2.65397995773857  1.09931449276169
   336  2.69533439631654  1.22124012678809
   337  2.74048497899993  1.13514604578152
   338  2.78238174126265  1.26068076566534
   339  2.82699000026130  1.17097759880135
   340  2.86942908620877  1.30012140454259
   341  2.91349502152266  1.20680915182118
   342  2.95647643115488  1.33956204341985
   343  3.00000000000000  1.24264068711929
   344  0.896872741532688  0.442288690219001
   345  0.926047905559134  0.494982917945264
   346  0.984503044017145  0.485503173070950
   347  1.01430118798069  0.542155280183797
   348  1.07213334650160  0.528717655922900
   349  1.10255447040225  0.589327642422331
   350  1.15976364898606  0.571932138774849
   351  1.19080775282381  0.636500004660864
   352  1.24739395147051  0.615146621626798
   353  1.27906103524537  0.683672366899397
   354  1.33502425395497  0.658361104478747
   355  1.36731431766693  0.730844729137930
   356  1.42265455643943  0.701575587330696
   357  1.45556760008848  0.778017091376463
   358  1.51028485892388  0.744790070182646
   359  1.54382088251004  0.825189453614997
   360  1.59791516140834  0.788004553034595
   361  1.63207416493160  0.872361815853530
   362  1.68554546389279  0.831219035886544
   363  1.72032744735316  0.919534178092063
   364  1.77317576637725  0.874433518738493
   365  1.80858072977472  0.966706540330596
   366  1.86080606886171  0.917648001590443
   367  1.89683401219628  1.01387890256913
   368  1.94843637134616  0.960862484442392
   369  1.98508729461783  1.06105126480766
   370  2.03606667383062  1.00407696729434
   371  2.07334057703939  1.10822362704620
   372  2.12369697631508  1.04729145014629
   373  2.16159385946095  1.15539598928473
   374  2.21132727879953  1.09050593299824
   375  2.24984714188251  1.20256835152326
   376  2.29895758128399  1.13372041585019
   377  2.33810042430407  1.24974071376180
   378  2.38658788376844  1.17693489870214
   379  2.42635370672563  1.29691307600033
   380  2.47421818625290  1.22014938155409
   381  2.51460698914719  1.34408543823886
   382  2.56184848873736  1.26336386440604
   383  2.60286027156874  1.39125780047740
   384  2.64947879122181  1.30657834725799
   385  2.69111355399030  1.43843016271593
   386  2.73710909370627  1.34979283010993
   387  2.77936683641186  1.48560252495446
   388  2.82473939619073  1.39300731296188
   389  2.86762011883342  1.53277488719299
   390  2.91236969867518  1.43622179581383
   391  2.95587340125498  1.57994724943153
   392  3.00000000000000  1.47943627809391
   393  0.866025403784439  0.500000000000000
   394  0.894010471185713  0.555931435702731
   395  0.954941009716558  0.551335449020068
   396  0.983627050503981  0.611658605807457
   397  1.04385661564868  0.602670898040136
   398  1.07324362982225  0.667385775912183
   399  1.13277222158080  0.654006347060203
   400  1.16286020914052  0.723112946016909
   401  1.22168782751292  0.705341796080271
   402  1.25247678845879  0.778840116121635
   403  1.31060343344504  0.756677245100339
   404  1.34209336777705  0.834567286226360
   405  1.39951903937716  0.808012694120407
   406  1.43170994709532  0.890294456331086
   407  1.48843464530927  0.859348143140475
   408  1.52132652641359  0.946021626435812
   409  1.57735025124139  0.910683592160543
   410  1.61094310573186  1.00174879654054
   411  1.66626585717351  0.962019041180610
   412  1.70055968505013  1.05747596664526
   413  1.75518146310563  1.01335449020068
   414  1.79017626436839  1.11320313674999
   415  1.84409706903775  1.06468993922075
   416  1.87979284368666  1.16893030685472
   417  1.93301267496987  1.11602538824081
   418  1.96940942300493  1.22465747695944
   419  2.02192828090199  1.16736083726088
   420  2.05902600232320  1.28038464706417
   421  2.11084388683411  1.21869628628095
   422  2.14864258164147  1.33611181716889
   423  2.19975949276623  1.27003173530102
   424  2.23825916095973  1.39183898727362
   425  2.28867509869835  1.32136718432109
   426  2.32787574027800  1.44756615737835
   427  2.37759070463047  1.37270263334115
   428  2.41749231959627  1.50329332748307
   429  2.46650631056259  1.42403808236122
   430  2.50710889891454  1.55902049758780
   431  2.55542191649471  1.47537353138129
   432  2.59672547823281  1.61474766769252
   433  2.64433752242683  1.52670898040136
   434  2.68634205755107  1.67047483779725
   435  2.73325312835895  1.57804442942142
   436  2.77595863686934  1.72620200790198
   437  2.82216873429107  1.62937987844149
   438  2.86557521618761  1.78192917800670
   439  2.91108434022319  1.68071532746156
   440  2.95519179550588  1.83765634811143
   441  3.00000000000000  1.73205080756888
   442  0.831469612302545  0.555570233019602
   443  0.858412379640599  0.615129612181509
   444  0.921825048527121  0.615943805324743
   445  0.949543769738567  0.680433442808922
   446  1.01218048475170  0.676317377629884
   447  1.04067515983653  0.745737273436336
   448  1.10253592097627  0.736690949935025
   449  1.13180654993450  0.811041104063749
   450  1.19289135720085  0.797064522240166
   451  1.22293794003247  0.876344934691163
   452  1.28324679342542  0.857438094545308
   453  1.31406933013044  0.941648765318577
   454  1.37360222965000  0.917811666850449
   455  1.40520072022841  1.00695259594599
   456  1.46395766587458  0.978185239155590
   457  1.49633211032637  1.07225642657340
   458  1.55431310209915  1.03855881146073
   459  1.58746350042434  1.13756025720082
   460  1.64466853832373  1.09893238376587
   461  1.67859489052231  1.20286408782823
   462  1.73502397454830  1.15930595607101
   463  1.76972628062028  1.26816791845564
   464  1.82537941077288  1.21967952837615
   465  1.86085767071824  1.33347174908306
   466  1.91573484699745  1.28005310068129
   467  1.95198906081621  1.39877557971047
   468  2.00609028322203  1.34042667298644
   469  2.04312045091418  1.46407941033788
   470  2.09644571944661  1.40080024529158
   471  2.13425184101215  1.52938324096530
   472  2.18680115567118  1.46117381759672
   473  2.22538323111011  1.59468707159271
   474  2.27715659189576  1.52154738990186
   475  2.31651462120808  1.65999090222013
   476  2.36751202812033  1.58192096220700
   477  2.40764601130605  1.72529473284754
   478  2.45786746434491  1.64229453451214
   479  2.49877740140402  1.79059856347495
   480  2.54822290056948  1.70266810681728
   481  2.58990879150199  1.85590239410237
   482  2.63857833679406  1.76304167912242
   483  2.68104018159995  1.92120622472978
   484  2.72893377301863  1.82341525142756
   485  2.77217157169792  1.98651005535719
   486  2.81928920924321  1.88378882373271
   487  2.86330296179589  2.05181388598461
   488  2.90964464546779  1.94416239603785
   489  2.95443435189386  2.11711771661202
   490  3.00000000000000  2.00453591375790
   491  0.793353340291235  0.608761429008721
   492  0.819406068305636  0.672469181334736
   493  0.885296947456171  0.679312240158511
   494  0.912197298191435  0.748620975676917
   495  0.977240554621107  0.749863051308302
   496  1.00498852807723  0.824772770019099
   497  1.06918416178604  0.820413862458093
   498  1.09777975796303  0.900924564361280
   499  1.16112776895098  0.890964673607884
   500  1.19057098784883  0.977076358703461
   501  1.25307137611591  0.961515484757675
   502  1.28336221773463  1.05322815304564
   503  1.34501498328085  1.03206629590747
   504  1.37615344762043  1.12937994738782
   505  1.43695859044579  1.10261710705726
   506  1.46894467750623  1.20553174173001
   507  1.52890219761072  1.17316791820705
   508  1.56173590739202  1.28168353607219
   509  1.62084580477566  1.24371872935684
   510  1.65452713727782  1.35783533041437
   511  1.71278941194059  1.31426954050663
   512  1.74731836716362  1.43398712475655
   513  1.80473301910553  1.38482035165642
   514  1.84010959704942  1.51013891909873
   515  1.89667662627046  1.45537116280621
   516  1.93290082693522  1.58629071344091
   517  1.98862023343540  1.52592197395600
   518  2.02569205682102  1.66244250778309
   519  2.08056384060033  1.59647278510579
   520  2.11848328670682  1.73859430212527
   521  2.17250744776527  1.66702359625558
   522  2.21127451659261  1.81474609646746
   523  2.26445105493021  1.73757440740537
   524  2.30406574647841  1.89089789080964
   525  2.35639466209514  1.80812521855516
   526  2.39685697636421  1.96704968515182
   527  2.44833826926008  1.87867602970496
   528  2.48964820625001  2.04320147949400
   529  2.54028187642501  1.94922684085475
   530  2.58243943613581  2.11935327383618
   531  2.63222548358995  2.01977765200454
   532  2.67523066602161  2.19550506817836
   533  2.72416909075488  2.09032846315433
   534  2.76802189590740  2.27165686252054
   535  2.81611269791982  2.16087927430412
   536  2.86081312579320  2.34780865686273
   537  2.90805630508476  2.23143008545391
   538  2.95360435567900  2.42396045120491
   539  3.00000000000000  2.30198096393688
   540  0.751839807478977  0.659345815100069
   541  0.777158571595465  0.727888434116269
   542  0.845513149471563  0.741495131237437
   543  0.871747569390723  0.816480698303063
   544  0.939186491464148  0.823644447374806
   545  0.966336567185980  0.905072962489858
   546  1.03285983345673  0.905793763512174
   547  1.06092556498124  0.993665226676653
   548  1.12653317544932  0.987943079649543
   549  1.15551456277650  1.08225749086345
   550  1.22020651744191  1.07009239578691
   551  1.25010356057175  1.17084975505024
   552  1.31387985943449  1.15224171192428
   553  1.34469255836701  1.25944201923704
   554  1.40755320142708  1.23439102806165
   555  1.43928155616227  1.34803428342383
   556  1.50122654341966  1.31654034419902
   557  1.53387055395753  1.43662654761063
   558  1.59489988541225  1.39868966033639
   559  1.62845955175279  1.52521881179742
   560  1.68857322740483  1.48083897647375
   561  1.72304854954804  1.61381107598422
   562  1.78224656939742  1.56298829261112
   563  1.81763754734330  1.70240334017101
   564  1.87591991139000  1.64513760874849
   565  1.91222654513856  1.79099560435781
   566  1.96959325338259  1.72728692488586
   567  2.00681554293382  1.87958786854460
   568  2.06326659537517  1.80943624102323
   569  2.10140454072907  1.96818013273139
   570  2.15693993736776  1.89158555716060
   571  2.19599353852433  2.05677239691819
   572  2.25061327936035  1.97373487329797
   573  2.29058253631959  2.14536466110498
   574  2.34428662135293  2.05588418943533
   575  2.38517153411485  2.23395692529178
   576  2.43795996334552  2.13803350557270
   577  2.47976053191011  2.32254918947857
   578  2.53163330533810  2.22018282171007
   579  2.57434952970536  2.41114145366537
   580  2.62530664733069  2.30233213784744
   581  2.66893852750062  2.49973371785216
   582  2.71897998932327  2.38448145398481
   583  2.76352752529588  2.58832598203896
   584  2.81265333131586  2.46663077012218
   585  2.85811652309114  2.67691824622575
   586  2.90632667330844  2.54878008625954
   587  2.95270552088640  2.76551051041255
   588  3.00000000000000  2.63092938897827
   589  0.707106781186548  0.707106781186547
   590  0.727888434116269  0.777158571595464
   591  0.802643992985587  0.802643992985587
   592  0.816480698303064  0.871747569390722
   593  0.898181204784626  0.898181204784626
   594  0.905072962489858  0.966336567185980
   595  0.993718416583665  0.993718416583665
   596  0.993665226676653  1.06092556498124
   597  1.08925562838270  1.08925562838270
   598  1.08225749086345  1.15551456277650
   599  1.18479284018174  1.18479284018174
   600  1.17084975505024  1.25010356057175
   601  1.28033005198078  1.28033005198078
   602  1.25944201923704  1.34469255836701
   603  1.37586726377982  1.37586726377982
   604  1.34803428342383  1.43928155616227
   605  1.47140447557886  1.47140447557886
   606  1.43662654761063  1.53387055395753
   607  1.56694168737790  1.56694168737790
   608  1.52521881179742  1.62845955175279
   609  1.66247889917694  1.66247889917694
   610  1.61381107598422  1.72304854954804
   611  1.75801611097598  1.75801611097598
   612  1.70240334017101  1.81763754734330
   613  1.85355332277502  1.85355332277502
   614  1.79099560435781  1.91222654513856
   615  1.94909053457406  1.94909053457406
   616  1.87958786854460  2.00681554293382
   617  2.04462774637310  2.04462774637310
   618  1.96818013273140  2.10140454072907
   619  2.14016495817214  2.14016495817214
   620  2.05677239691819  2.19599353852433
   621  2.23570216997118  2.23570216997118
   622  2.14536466110498  2.29058253631959
   623  2.33123938177022  2.33123938177021
   624  2.23395692529178  2.38517153411485
   625  2.42677659356925  2.42677659356925
   626  2.32254918947857  2.47976053191011
   627  2.52231380536829  2.52231380536829
   628  2.41114145366537  2.57434952970536
   629  2.61785101716733  2.61785101716733
   630  2.49973371785216  2.66893852750062
   631  2.71338822896637  2.71338822896637
   632  2.58832598203896  2.76352752529588
   633  2.80892544076541  2.80892544076541
   634  2.67691824622575  2.85811652309114
   635  2.90446265256445  2.90446265256445
   636  2.76551051041255  2.95270552088640
   637  3.00000000000000  3.00000000000000
   638  0.659345815100069  0.751839807478977
   639  0.672469181334736  0.819406068305636
   640  0.741495131237437  0.845513149471563
   641  0.748620975676918  0.912197298191435
   642  0.823644447374806  0.939186491464148
   643  0.824772770019099  1.00498852807723
   644  0.905793763512175  1.03285983345673
   645  0.900924564361280  1.09777975796303
   646  0.987943079649543  1.12653317544932
   647  0.977076358703462  1.19057098784883
   648  1.07009239578691  1.22020651744190
   649  1.05322815304564  1.28336221773463
   650  1.15224171192428  1.31387985943449
   651  1.12937994738782  1.37615344762043
   652  1.23439102806165  1.40755320142708
   653  1.20553174173001  1.46894467750623
   654  1.31654034419902  1.50122654341966
   655  1.28168353607219  1.56173590739202
   656  1.39868966033639  1.59489988541225
   657  1.35783533041437  1.65452713727782
   658  1.48083897647375  1.68857322740483
   659  1.43398712475655  1.74731836716362
   660  1.56298829261112  1.78224656939742
   661  1.51013891909873  1.84010959704942
   662  1.64513760874849  1.87591991139000
   663  1.58629071344091  1.93290082693522
   664  1.72728692488586  1.96959325338259
   665  1.66244250778309  2.02569205682102
   666  1.80943624102323  2.06326659537517
   667  1.73859430212528  2.11848328670681
   668  1.89158555716060  2.15693993736776
   669  1.81474609646746  2.21127451659261
   670  1.97373487329797  2.25061327936035
   671  1.89089789080964  2.30406574647841
   672  2.05588418943533  2.34428662135293
   673  1.96704968515182  2.39685697636421
   674  2.13803350557270  2.43795996334552
   675  2.04320147949400  2.48964820625001
   676  2.22018282171007  2.53163330533810
   677  2.11935327383618  2.58243943613581
   678  2.30233213784744  2.62530664733069
   679  2.19550506817836  2.67523066602161
   680  2.38448145398481  2.71897998932327
   681  2.27165686252054  2.76802189590740
   682  2.46663077012218  2.81265333131586
   683  2.34780865686273  2.86081312579320
   684  2.54878008625955  2.90632667330844
   685  2.42396045120491  2.95360435567900
   686  2.63092938897827  3.00000000000000
   687  0.608761429008721  0.793353340291235
   688  0.615129612181509  0.858412379640599
   689  0.679312240158512  0.885296947456171
   690  0.680433442808923  0.949543769738567
   691  0.749863051308302  0.977240554621106
   692  0.745737273436336  1.04067515983653
   693  0.820413862458093  1.06918416178604
   694  0.811041104063749  1.13180654993450
   695  0.890964673607884  1.16112776895098
   696  0.876344934691163  1.22293794003247
   697  0.961515484757675  1.25307137611591
   698  0.941648765318577  1.31406933013044
   699  1.03206629590747  1.34501498328085
   700  1.00695259594599  1.40520072022840
   701  1.10261710705726  1.43695859044578
   702  1.07225642657340  1.49633211032637
   703  1.17316791820705  1.52890219761072
   704  1.13756025720082  1.58746350042434
   705  1.24371872935684  1.62084580477566
   706  1.20286408782823  1.67859489052231
   707  1.31426954050663  1.71278941194059
   708  1.26816791845564  1.76972628062028
   709  1.38482035165642  1.80473301910553
   710  1.33347174908306  1.86085767071824
   711  1.45537116280621  1.89667662627046
   712  1.39877557971047  1.95198906081621
   713  1.52592197395600  1.98862023343540
   714  1.46407941033789  2.04312045091418
   715  1.59647278510579  2.08056384060033
   716  1.52938324096530  2.13425184101215
   717  1.66702359625558  2.17250744776527
   718  1.59468707159271  2.22538323111011
   719  1.73757440740537  2.26445105493021
   720  1.65999090222013  2.31651462120808
   721  1.80812521855517  2.35639466209514
   722  1.72529473284754  2.40764601130605
   723  1.87867602970496  2.44833826926008
   724  1.79059856347495  2.49877740140402
   725  1.94922684085475  2.54028187642501
   726  1.85590239410237  2.58990879150199
   727  2.01977765200454  2.63222548358995
   728  1.92120622472978  2.68104018159995
   729  2.09032846315433  2.72416909075488
   730  1.98651005535719  2.77217157169792
   731  2.16087927430412  2.81611269791982
   732  2.05181388598461  2.86330296179589
   733  2.23143008545391  2.90805630508476
   734  2.11711771661202  2.95443435189386
   735  2.30198096393688  3.00000000000000
   736  0.555570233019602  0.831469612302545
   737  0.555931435702731  0.894010471185713
   738  0.615943805324744  0.921825048527121
   739  0.611658605807457  0.983627050503981
   740  0.676317377629885  1.01218048475170
   741  0.667385775912183  1.07324362982225
   742  0.736690949935026  1.10253592097627
   743  0.723112946016909  1.16286020914052
   744  0.797064522240167  1.19289135720085
   745  0.778840116121635  1.25247678845879
   746  0.857438094545308  1.28324679342542
   747  0.834567286226361  1.34209336777705
   748  0.917811666850449  1.37360222965000
   749  0.890294456331087  1.43170994709532
   750  0.978185239155590  1.46395766587457
   751  0.946021626435813  1.52132652641359
   752  1.03855881146073  1.55431310209915
   753  1.00174879654054  1.61094310573186
   754  1.09893238376587  1.64466853832373
   755  1.05747596664526  1.70055968505013
   756  1.15930595607101  1.73502397454830
   757  1.11320313674999  1.79017626436839
   758  1.21967952837615  1.82537941077288
   759  1.16893030685472  1.87979284368666
   760  1.28005310068130  1.91573484699745
   761  1.22465747695944  1.96940942300493
   762  1.34042667298644  2.00609028322203
   763  1.28038464706417  2.05902600232320
   764  1.40080024529158  2.09644571944660
   765  1.33611181716889  2.14864258164147
   766  1.46117381759672  2.18680115567118
   767  1.39183898727362  2.23825916095973
   768  1.52154738990186  2.27715659189576
   769  1.44756615737835  2.32787574027800
   770  1.58192096220700  2.36751202812033
   771  1.50329332748307  2.41749231959627
   772  1.64229453451214  2.45786746434491
   773  1.55902049758780  2.50710889891454
   774  1.70266810681728  2.54822290056948
   775  1.61474766769252  2.59672547823281
   776  1.76304167912242  2.63857833679406
   777  1.67047483779725  2.68634205755107
   778  1.82341525142757  2.72893377301863
   779  1.72620200790198  2.77595863686934
   780  1.88378882373271  2.81928920924321
   781  1.78192917800670  2.86557521618761
   782  1.94416239603785  2.90964464546779
   783  1.83765634811143  2.95519179550588
   784  2.00453591375790  3.00000000000000
   785  0.500000000000000  0.866025403784439
   786  0.494982917945264  0.926047905559134
   787  0.551335449020068  0.954941009716558
   788  0.542155280183798  1.01430118798069
   789  0.602670898040136  1.04385661564868
   790  0.589327642422331  1.10255447040225
   791  0.654006347060204  1.13277222158080
   792  0.636500004660864  1.19080775282381
   793  0.705341796080272  1.22168782751292
   794  0.683672366899397  1.27906103524537
   795  0.756677245100339  1.31060343344504
   796  0.730844729137931  1.36731431766693
   797  0.808012694120407  1.39951903937716
   798  0.778017091376464  1.45556760008848
   799  0.859348143140475  1.48843464530927
   800  0.825189453614997  1.54382088251004
   801  0.910683592160543  1.57735025124139
   802  0.872361815853530  1.63207416493160
   803  0.962019041180611  1.66626585717351
   804  0.919534178092063  1.72032744735316
   805  1.01335449020068  1.75518146310563
   806  0.966706540330597  1.80858072977472
   807  1.06468993922075  1.84409706903775
   808  1.01387890256913  1.89683401219628
   809  1.11602538824081  1.93301267496987
   810  1.06105126480766  1.98508729461783
   811  1.16736083726088  2.02192828090199
   812  1.10822362704620  2.07334057703939
   813  1.21869628628095  2.11084388683411
   814  1.15539598928473  2.16159385946095
   815  1.27003173530102  2.19975949276623
   816  1.20256835152326  2.24984714188251
   817  1.32136718432109  2.28867509869835
   818  1.24974071376180  2.33810042430407
   819  1.37270263334115  2.37759070463047
   820  1.29691307600033  2.42635370672563
   821  1.42403808236122  2.46650631056259
   822  1.34408543823886  2.51460698914718
   823  1.47537353138129  2.55542191649471
   824  1.39125780047740  2.60286027156874
   825  1.52670898040136  2.64433752242683
   826  1.43843016271593  2.69111355399030
   827  1.57804442942143  2.73325312835895
   828  1.48560252495446  2.77936683641186
   829  1.62937987844149  2.82216873429107
   830  1.53277488719300  2.86762011883342
   831  1.68071532746156  2.91108434022319
   832  1.57994724943153  2.95587340125498
   833  1.73205080756888  3.00000000000000
   834  0.442288690219001  0.896872741532688
   835  0.432427349243022  0.954387497394233
   836  0.485503173070951  0.984503044017145
   837  0.471867988120275  1.04143484234035
   838  0.528717655922900  1.07213334650160
   839  0.511308626997528  1.12848218728646
   840  0.571932138774849  1.15976364898606
   841  0.550749265874782  1.21552953223258
   842  0.615146621626798  1.24739395147051
   843  0.590189904752035  1.30257687717869
   844  0.658361104478748  1.33502425395497
   845  0.629630543629288  1.38962422212481
   846  0.701575587330697  1.42265455643943
   847  0.669071182506541  1.47667156707092
   848  0.744790070182646  1.51028485892388
   849  0.708511821383795  1.56371891201704
   850  0.788004553034595  1.59791516140834
   851  0.747952460261048  1.65076625696315
   852  0.831219035886545  1.68554546389279
   853  0.787393099138301  1.73781360190927
   854  0.874433518738494  1.77317576637725
   855  0.826833738015555  1.82486094685538
   856  0.917648001590443  1.86080606886171
   857  0.866274376892808  1.91190829180150
   858  0.960862484442392  1.94843637134616
   859  0.905715015770061  1.99895563674761
   860  1.00407696729434  2.03606667383062
   861  0.945155654647315  2.08600298169373
   862  1.04729145014629  2.12369697631508
   863  0.984596293524568  2.17305032663984
   864  1.09050593299824  2.21132727879953
   865  1.02403693240182  2.26009767158596
   866  1.13372041585019  2.29895758128399
   867  1.06347757127907  2.34714501653207
   868  1.17693489870214  2.38658788376844
   869  1.10291821015633  2.43419236147819
   870  1.22014938155409  2.47421818625290
   871  1.14235884903358  2.52123970642430
   872  1.26336386440604  2.56184848873736
   873  1.18179948791083  2.60828705137042
   874  1.30657834725799  2.64947879122181
   875  1.22124012678809  2.69533439631654
   876  1.34979283010994  2.73710909370627
   877  1.26068076566534  2.78238174126265
   878  1.39300731296188  2.82473939619073
   879  1.30012140454259  2.86942908620877
   880  1.43622179581383  2.91236969867518
   881  1.33956204341985  2.95647643115488
   882  1.47943627809391  3.00000000000000
   883  0.382683432365090  0.923879532511287
   884  0.368434839016973  0.978907885165061
   885  0.418514985384920  1.01038455377265
   886  0.400804421208452  1.06491180198053
   887  0.454346538404750  1.09688957503402
   888  0.433174003399931  1.15091571879600
   889  0.490178091424580  1.18339459629538
   890  0.465543585591410  1.23691963561148
   891  0.526009644444410  1.26989961755674
   892  0.497913167782889  1.32292355242695
   893  0.561841197464240  1.35640463881811
   894  0.530282749974368  1.40892746924242
   895  0.597672750484070  1.44290966007947
   896  0.562652332165847  1.49493138605789
   897  0.633504303503900  1.52941468134084
   898  0.595021914357326  1.58093530287336
   899  0.669335856523730  1.61591970260220
   900  0.627391496548805  1.66693921968883
   901  0.705167409543560  1.70242472386356
   902  0.659761078740284  1.75294313650430
   903  0.740998962563390  1.78892974512493
   904  0.692130660931763  1.83894705331977
   905  0.776830515583220  1.87543476638629
   906  0.724500243123242  1.92495097013525
   907  0.812662068603050  1.96193978764766
   908  0.756869825314721  2.01095488695072
   909  0.848493621622880  2.04844480890902
   910  0.789239407506200  2.09695880376619
   911  0.884325174642710  2.13494983017039
   912  0.821608989697679  2.18296272058166
   913  0.920156727662540  2.22145485143175
   914  0.853978571889158  2.26896663739713
   915  0.955988280682370  2.30795987269311
   916  0.886348154080637  2.35497055421260
   917  0.991819833702200  2.39446489395448
   918  0.918717736272116  2.44097447102807
   919  1.02765138672203  2.48096991521584
   920  0.951087318463595  2.52697838784355
   921  1.06348293974186  2.56747493647721
   922  0.983456900655074  2.61298230465902
   923  1.09931449276169  2.65397995773857
   924  1.01582648284655  2.69898622147449
   925  1.13514604578152  2.74048497899993
   926  1.04819606503803  2.78499013828996
   927  1.17097759880135  2.82699000026130
   928  1.08056564722951  2.87099405510543
   929  1.20680915182118  2.91349502152266
   930  1.11293522942099  2.95699797192090
   931  1.24264068711929  3.00000000000000
   932  0.321439465303162  0.946930129495106
   933  0.303196247272083  0.999504077864079
   934  0.350477935672845  1.03247470468151
   935  0.329019387307325  1.08463156212782
   936  0.379516406042529  1.11801927986792
   937  0.354842527342566  1.16975904639156
   938  0.408554876412212  1.20356385505432
   939  0.380665667377808  1.25488653065530
   940  0.437593346781896  1.28910843024073
   941  0.406488807413049  1.34001401491904
   942  0.466631817151579  1.37465300542713
   943  0.432311947448291  1.42514149918277
   944  0.495670287521263  1.46019758061354
   945  0.458135087483533  1.51026898344651
   946  0.524708757890946  1.54574215579994
   947  0.483958227518774  1.59539646771025
   948  0.553747228260630  1.63128673098635
   949  0.509781367554016  1.68052395197399
   950  0.582785698630314  1.71683130617275
   951  0.535604507589257  1.76565143623773
   952  0.611824168999997  1.80237588135916
   953  0.561427647624499  1.85077892050147
   954  0.640862639369681  1.88792045654556
   955  0.587250787659740  1.93590640476521
   956  0.669901109739364  1.97346503173197
   957  0.613073927694982  2.02103388902895
   958  0.698939580109048  2.05900960691837
   959  0.638897067730223  2.10616137329269
   960  0.727978050478731  2.14455418210478
   961  0.664720207765465  2.19128885755643
   962  0.757016520848415  2.23009875729118
   963  0.690543347800706  2.27641634182017
   964  0.786054991218098  2.31564333247759
   965  0.716366487835948  2.36154382608391
   966  0.815093461587782  2.40118790766399
   967  0.742189627871189  2.44667131034765
   968  0.844131931957465  2.48673248285040
   969  0.768012767906431  2.53179879461138
   970  0.873170402327149  2.57227705803681
   971  0.793835907941672  2.61692627887512
   972  0.902208872696832  2.65782163322321
   973  0.819659047976914  2.70205376313886
   974  0.931247343066516  2.74336620840962
   975  0.845482188012156  2.78718124740260
   976  0.960285813436199  2.82891078359602
   977  0.871305328047397  2.87230873166634
   978  0.989324283805883  2.91445535878243
   979  0.897128468082639  2.95743621593008
   980  1.01836277659013  3.00000000000000
   981  0.258819045102521  0.965925826289068
   982  0.236918463929901  1.01608787683877
   983  0.281528567087400  1.05067891615224
   984  0.256602865720956  1.10050967196163
   985  0.304238089072278  1.13543200601541
   986  0.276287267512010  1.18493146708450
   987  0.326947611057157  1.22018509587858
   988  0.295971669303065  1.26935326220736
   989  0.349657133042035  1.30493818574175
   990  0.315656071094120  1.35377505733023
   991  0.372366655026914  1.38969127560491
   992  0.335340472885175  1.43819685245309
   993  0.395076177011792  1.47444436546808
   994  0.355024874676229  1.52261864757596
   995  0.417785698996671  1.55919745533125
   996  0.374709276467284  1.60704044269882
   997  0.440495220981550  1.64395054519442
   998  0.394393678258339  1.69146223782169
   999  0.463204742966428  1.72870363505759
   1000  0.414078080049394  1.77588403294455
   1001  0.485914264951307  1.81345672492076
   1002  0.433762481840448  1.86030582806742
   1003  0.508623786936185  1.89820981478393
   1004  0.453446883631503  1.94472762319028
   1005  0.531333308921064  1.98296290464710
   1006  0.473131285422558  2.02914941831315
   1007  0.554042830905942  2.06771599451027
   1008  0.492815687213612  2.11357121343601
   1009  0.576752352890821  2.15246908437344
   1010  0.512500089004667  2.19799300855888
   1011  0.599461874875700  2.23722217423661
   1012  0.532184490795722  2.28241480368174
   1013  0.622171396860578  2.32197526409978
   1014  0.551868892586777  2.36683659880461
   1015  0.644880918845457  2.40672835396294
   1016  0.571553294377831  2.45125839392748
   1017  0.667590440830335  2.49148144382611
   1018  0.591237696168886  2.53568018905034
   1019  0.690299962815214  2.57623453368928
   1020  0.610922097959941  2.62010198417321
   1021  0.713009484800093  2.66098762355245
   1022  0.630606499750996  2.70452377929607
   1023  0.735719006784971  2.74574071341562
   1024  0.650290901542050  2.78894557441894
   1025  0.758428528769850  2.83049380327879
   1026  0.669975303333105  2.87336736954180
   1027  0.781138050754728  2.91524689314196
   1028  0.689659705124160  2.95778916466467
   1029  0.803847577293369  3.00000000000000
   1030  0.195090322016128  0.980785280403230
   1031  0.169820609489453  1.02858826283950
   1032  0.211825604870651  1.06491922880967
   1033  0.183670881679181  1.11247812434875
   1034  0.228560887725174  1.14905317721611
   1035  0.197521153868908  1.19636798585800
   1036  0.245296170579697  1.23318712562255
   1037  0.211371426058636  1.28025784736725
   1038  0.262031453434220  1.31732107402899
   1039  0.225221698248364  1.36414770887650
   1040  0.278766736288742  1.40145502243543
   1041  0.239071970438092  1.44803757038575
   1042  0.295502019143265  1.48558897084186
   1043  0.252922242627820  1.53192743189500
   1044  0.312237301997788  1.56972291924830
   1045  0.266772514817548  1.61581729340425
   1046  0.328972584852311  1.65385686765474
   1047  0.280622787007276  1.69970715491350
   1048  0.345707867706834  1.73799081606118
   1049  0.294473059197003  1.78359701642274
   1050  0.362443150561356  1.82212476446762
   1051  0.308323331386731  1.86748687793199
   1052  0.379178433415879  1.90625871287406
   1053  0.322173603576459  1.95137673944124
   1054  0.395913716270402  1.99039266128050
   1055  0.336023875766187  2.03526660095049
   1056  0.412648999124925  2.07452660968694
   1057  0.349874147955915  2.11915646245974
   1058  0.429384281979448  2.15866055809338
   1059  0.363724420145643  2.20304632396899
   1060  0.446119564833970  2.24279450649982
   1061  0.377574692335370  2.28693618547824
   1062  0.462854847688493  2.32692845490626
   1063  0.391424964525098  2.37082604698749
   1064  0.479590130543016  2.41106240331269
   1065  0.405275236714826  2.45471590849674
   1066  0.496325413397539  2.49519635171913
   1067  0.419125508904554  2.53860577000599
   1068  0.513060696252062  2.57933030012557
   1069  0.432975781094282  2.62249563151524
   1070  0.529795979106584  2.66346424853201
   1071  0.446826053284010  2.70638549302448
   1072  0.546531261961107  2.74759819693845
   1073  0.460676325473738  2.79027535453373
   1074  0.563266544815630  2.83173214534489
   1075  0.474526597663465  2.87416521604298
   1076  0.580001827670153  2.91586609375133
   1077  0.488376869853193  2.95805507755223
   1078  0.596737102138974  3.00000000000000
   1079  0.130526192220052  0.991444861373810
   1080  0.102130829121652  1.03695170989990
   1081  0.141544162490361  1.07513465436840
   1082  0.110358206705835  1.12048567635530
   1083  0.152562132760670  1.15882444736298
   1084  0.118585584290018  1.20401964281070
   1085  0.163580103030979  1.24251424035756
   1086  0.126812961874201  1.28755360926610
   1087  0.174598073301289  1.32620403335215
   1088  0.135040339458383  1.37108757572151
   1089  0.185616043571598  1.40989382634673
   1090  0.143267717042566  1.45462154217691
   1091  0.196634013841907  1.49358361934132
   1092  0.151495094626749  1.53815550863231
   1093  0.207651984112216  1.57727341233590
   1094  0.159722472210932  1.62168947508771
   1095  0.218669954382526  1.66096320533049
   1096  0.167949849795115  1.70522344154311
   1097  0.229687924652835  1.74465299832507
   1098  0.176177227379298  1.78875740799851
   1099  0.240705894923144  1.82834279131966
   1100  0.184404604963480  1.87229137445392
   1101  0.251723865193453  1.91203258431424
   1102  0.192631982547663  1.95582534090932
   1103  0.262741835463763  1.99572237730883
   1104  0.200859360131846  2.03935930736472
   1105  0.273759805734072  2.07941217030341
   1106  0.209086737716029  2.12289327382012
   1107  0.284777776004381  2.16310196329800
   1108  0.217314115300212  2.20642724027552
   1109  0.295795746274690  2.24679175629258
   1110  0.225541492884395  2.28996120673093
   1111  0.306813716545000  2.33048154928717
   1112  0.233768870468577  2.37349517318633
   1113  0.317831686815309  2.41417134228175
   1114  0.241996248052760  2.45702913964173
   1115  0.328849657085618  2.49786113527634
   1116  0.250223625636943  2.54056310609713
   1117  0.339867627355927  2.58155092827092
   1118  0.258451003221126  2.62409707255253
   1119  0.350885597626237  2.66524072126551
   1120  0.266678380805309  2.70763103900793
   1121  0.361903567896546  2.74893051426009
   1122  0.274905758389492  2.79116500546334
   1123  0.372921538166855  2.83262030725468
   1124  0.283133135973674  2.87469897191874
   1125  0.383939508437164  2.91631010024926
   1126  0.291360513557857  2.95823293837414
   1127  0.394957492762188  3.00000000000000
   1128  6.540312923014327E-002  0.997858923238604
   1129  3.408347346942972E-002  1.04114241026991
   1130  7.087093183588250E-002  1.08128147021560
   1131  3.681225476473637E-002  1.12449805585701
   1132  7.633873444162171E-002  1.16470401719260
   1133  3.954103606004304E-002  1.20785370144411
   1134  8.180653704736093E-002  1.24812656416959
   1135  4.226981735534969E-002  1.29120934703121
   1136  8.727433965310015E-002  1.33154911114659
   1137  4.499859865065635E-002  1.37456499261831
   1138  9.274214225883938E-002  1.41497165812358
   1139  4.772737994596301E-002  1.45792063820540
   1140  9.820994486457858E-002  1.49839420510058
   1141  5.045616124126967E-002  1.54127628379250
   1142  0.103677747470318  1.58181675207758
   1143  5.318494253657632E-002  1.62463192937960
   1144  0.109145550076057  1.66523929905457
   1145  5.591372383188298E-002  1.70798757496670
   1146  0.114613352681796  1.74866184603157
   1147  5.864250512718964E-002  1.79134322055379
   1148  0.120081155287535  1.83208439300856
   1149  6.137128642249630E-002  1.87469886614089
   1150  0.125548957893275  1.91550693998556
   1151  6.410006771780295E-002  1.95805451172799
   1152  0.131016760499014  1.99892948696256
   1153  6.682884901310961E-002  2.04141015731509
   1154  0.136484563104753  2.08235203393955
   1155  6.955763030841626E-002  2.12476580290219
   1156  0.141952365710492  2.16577458091655
   1157  7.228641160372293E-002  2.20812144848928
   1158  0.147420168316232  2.24919712789354
   1159  7.501519289902959E-002  2.29147709407638
   1160  0.152887970921971  2.33261967487054
   1161  7.774397419433623E-002  2.37483273966348
   1162  0.158355773527710  2.41604222184754
   1163  8.047275548964290E-002  2.45818838525058
   1164  0.163823576133449  2.49946476882453
   1165  8.320153678494956E-002  2.54154403083767
   1166  0.169291378739188  2.58288731580153
   1167  8.593031808025621E-002  2.62489967642477
   1168  0.174759181344928  2.66630986277852
   1169  8.865909937556287E-002  2.70825532201187
   1170  0.180226983950667  2.74973240975552
   1171  9.138788067086953E-002  2.79161096759897
   1172  0.185694786556406  2.83315495673252
   1173  9.411666196617618E-002  2.87496661318607
   1174  0.191162589162145  2.91657750370951
   1175  9.684544326148286E-002  2.95832225877316
   1176  0.196630388445715  3.00000000000000
   1177  0.000000000000000  1.00000000000000
   1178  0.000000000000000  1.08333333333333
   1179  0.000000000000000  1.16666666666667
   1180  0.000000000000000  1.25000000000000
   1181  0.000000000000000  1.33333333333333
   1182  0.000000000000000  1.41666666666667
   1183  0.000000000000000  1.50000000000000
   1184  0.000000000000000  1.58333333333333
   1185  0.000000000000000  1.66666666666667
   1186  0.000000000000000  1.75000000000000
   1187  0.000000000000000  1.83333333333333
   1188  0.000000000000000  1.91666666666667
   1189  0.000000000000000  2.00000000000000
   1190  0.000000000000000  2.08333333333333
   1191  0.000000000000000  2.16666666666667
   1192  0.000000000000000  2.25000000000000
   1193  0.000000000000000  2.33333333333333
   1194  0.000000000000000  2.41666666666667
   1195  0.000000000000000  2.50000000000000
   1196  0.000000000000000  2.58333333333333
   1197  0.000000000000000  2.66666666666667
   1198  0.000000000000000  2.75000000000000
   1199  0.000000000000000  2.83333333333333
   1200  0.000000000000000  2.91666666666667
   1201  0.000000000000000  3.00000000000000
