   313
   1  1.00000000000000  0.000000000000000
   2  1.08128147021560  7.087093183588227E-002
   3  1.16666666666667  0.000000000000000
   4  1.24812656416959  8.180653704736066E-002
   5  1.33333333333333  0.000000000000000
   6  1.41497165812358  9.274214225883908E-002
   7  1.50000000000000  0.000000000000000
   8  1.58181675207758  0.103677747470317
   9  1.66666666666667  0.000000000000000
   10  1.74866184603157  0.114613352681796
   11  1.83333333333333  0.000000000000000
   12  1.91550693998556  0.125548957893274
   13  2.00000000000000  0.000000000000000
   14  2.08235203393955  0.136484563104753
   15  2.16666666666667  0.000000000000000
   16  2.24919712789354  0.147420168316231
   17  2.33333333333333  0.000000000000000
   18  2.41604222184754  0.158355773527709
   19  2.50000000000000  0.000000000000000
   20  2.58288731580153  0.169291378739188
   21  2.66666666666667  0.000000000000000
   22  2.74973240975552  0.180226983950666
   23  2.83333333333333  0.000000000000000
   24  2.91657750370951  0.191162589162145
   25  3.00000000000000  0.000000000000000
   26  0.991444861373810  0.130526192220052
   27  1.06491922880967  0.211825604870651
   28  1.15882444736298  0.152562132760670
   29  1.23318712562255  0.245296170579697
   30  1.32620403335215  0.174598073301289
   31  1.40145502243543  0.278766736288742
   32  1.49358361934132  0.196634013841907
   33  1.56972291924830  0.312237301997788
   34  1.66096320533049  0.218669954382525
   35  1.73799081606118  0.345707867706833
   36  1.82834279131966  0.240705894923144
   37  1.90625871287406  0.379178433415879
   38  1.99572237730883  0.262741835463762
   39  2.07452660968694  0.412648999124925
   40  2.16310196329800  0.284777776004381
   41  2.24279450649982  0.446119564833970
   42  2.33048154928717  0.306813716544999
   43  2.41106240331269  0.479590130543016
   44  2.49786113527634  0.328849657085618
   45  2.57933030012557  0.513060696252061
   46  2.66524072126551  0.350885597626236
   47  2.74759819693845  0.546531261961107
   48  2.83262030725468  0.372921538166855
   49  2.91586609375133  0.580001827670153
   50  3.00000000000000  0.394957492762188
   51  0.965925826289068  0.258819045102521
   52  1.03247470468151  0.350477935672845
   53  1.13543200601541  0.304238089072278
   54  1.20356385505432  0.408554876412212
   55  1.30493818574175  0.349657133042035
   56  1.37465300542713  0.466631817151579
   57  1.47444436546808  0.395076177011792
   58  1.54574215579994  0.524708757890946
   59  1.64395054519442  0.440495220981549
   60  1.71683130617275  0.582785698630313
   61  1.81345672492076  0.485914264951306
   62  1.88792045654556  0.640862639369680
   63  1.98296290464710  0.531333308921063
   64  2.05900960691837  0.698939580109047
   65  2.15246908437344  0.576752352890820
   66  2.23009875729118  0.757016520848414
   67  2.32197526409978  0.622171396860578
   68  2.40118790766400  0.815093461587781
   69  2.49148144382611  0.667590440830335
   70  2.57227705803681  0.873170402327149
   71  2.66098762355245  0.713009484800092
   72  2.74336620840962  0.931247343066516
   73  2.83049380327879  0.758428528769849
   74  2.91445535878243  0.989324283805882
   75  3.00000000000000  0.803847577293368
   76  0.923879532511287  0.382683432365090
   77  0.984503044017145  0.485503173070950
   78  1.09688957503402  0.454346538404750
   79  1.15976364898606  0.571932138774849
   80  1.26989961755674  0.526009644444410
   81  1.33502425395497  0.658361104478747
   82  1.44290966007947  0.597672750484070
   83  1.51028485892388  0.744790070182646
   84  1.61591970260220  0.669335856523730
   85  1.68554546389279  0.831219035886544
   86  1.78892974512493  0.740998962563390
   87  1.86080606886171  0.917648001590443
   88  1.96193978764766  0.812662068603050
   89  2.03606667383062  1.00407696729434
   90  2.13494983017039  0.884325174642709
   91  2.21132727879953  1.09050593299824
   92  2.30795987269311  0.955988280682370
   93  2.38658788376844  1.17693489870214
   94  2.48096991521584  1.02765138672203
   95  2.56184848873736  1.26336386440604
   96  2.65397995773857  1.09931449276169
   97  2.73710909370627  1.34979283010993
   98  2.82699000026130  1.17097759880135
   99  2.91236969867518  1.43622179581383
   100  3.00000000000000  1.24264068711929
   101  0.866025403784439  0.500000000000000
   102  0.921825048527121  0.615943805324743
   103  1.04385661564868  0.602670898040136
   104  1.10253592097627  0.736690949935025
   105  1.22168782751292  0.705341796080271
   106  1.28324679342542  0.857438094545308
   107  1.39951903937716  0.808012694120407
   108  1.46395766587458  0.978185239155590
   109  1.57735025124139  0.910683592160543
   110  1.64466853832373  1.09893238376587
   111  1.75518146310563  1.01335449020068
   112  1.82537941077288  1.21967952837615
   113  1.93301267496987  1.11602538824081
   114  2.00609028322203  1.34042667298644
   115  2.11084388683411  1.21869628628095
   116  2.18680115567118  1.46117381759672
   117  2.28867509869835  1.32136718432109
   118  2.36751202812033  1.58192096220700
   119  2.46650631056259  1.42403808236122
   120  2.54822290056948  1.70266810681728
   121  2.64433752242683  1.52670898040136
   122  2.72893377301863  1.82341525142756
   123  2.82216873429107  1.62937987844149
   124  2.90964464546779  1.94416239603785
   125  3.00000000000000  1.73205080756888
   126  0.793353340291235  0.608761429008721
   127  0.845513149471563  0.741495131237437
   128  0.977240554621107  0.749863051308302
   129  1.03285983345673  0.905793763512174
   130  1.16112776895098  0.890964673607884
   131  1.22020651744191  1.07009239578691
   132  1.34501498328085  1.03206629590747
   133  1.40755320142708  1.23439102806165
   134  1.52890219761072  1.17316791820705
   135  1.59489988541225  1.39868966033639
   136  1.71278941194059  1.31426954050663
   137  1.78224656939742  1.56298829261112
   138  1.89667662627046  1.45537116280621
   139  1.96959325338259  1.72728692488586
   140  2.08056384060033  1.59647278510579
   141  2.15693993736776  1.89158555716060
   142  2.26445105493021  1.73757440740537
   143  2.34428662135293  2.05588418943533
   144  2.44833826926008  1.87867602970496
   145  2.53163330533810  2.22018282171007
   146  2.63222548358995  2.01977765200454
   147  2.71897998932327  2.38448145398481
   148  2.81611269791982  2.16087927430412
   149  2.90632667330844  2.54878008625954
   150  3.00000000000000  2.30198096393688
   151  0.707106781186548  0.707106781186547
   152  0.741495131237437  0.845513149471563
   153  0.898181204784626  0.898181204784626
   154  0.905793763512174  1.03285983345673
   155  1.08925562838270  1.08925562838270
   156  1.07009239578691  1.22020651744191
   157  1.28033005198078  1.28033005198078
   158  1.23439102806165  1.40755320142708
   159  1.47140447557886  1.47140447557886
   160  1.39868966033639  1.59489988541225
   161  1.66247889917694  1.66247889917694
   162  1.56298829261112  1.78224656939742
   163  1.85355332277502  1.85355332277502
   164  1.72728692488586  1.96959325338259
   165  2.04462774637310  2.04462774637310
   166  1.89158555716060  2.15693993736776
   167  2.23570216997118  2.23570216997118
   168  2.05588418943533  2.34428662135293
   169  2.42677659356925  2.42677659356925
   170  2.22018282171007  2.53163330533810
   171  2.61785101716733  2.61785101716733
   172  2.38448145398481  2.71897998932327
   173  2.80892544076541  2.80892544076541
   174  2.54878008625954  2.90632667330844
   175  3.00000000000000  3.00000000000000
   176  0.608761429008721  0.793353340291235
   177  0.615943805324743  0.921825048527121
   178  0.749863051308302  0.977240554621106
   179  0.736690949935026  1.10253592097627
   180  0.890964673607884  1.16112776895098
   181  0.857438094545308  1.28324679342542
   182  1.03206629590747  1.34501498328085
   183  0.978185239155590  1.46395766587458
   184  1.17316791820705  1.52890219761072
   185  1.09893238376587  1.64466853832373
   186  1.31426954050663  1.71278941194059
   187  1.21967952837615  1.82537941077288
   188  1.45537116280621  1.89667662627046
   189  1.34042667298644  2.00609028322203
   190  1.59647278510579  2.08056384060033
   191  1.46117381759672  2.18680115567118
   192  1.73757440740537  2.26445105493021
   193  1.58192096220700  2.36751202812033
   194  1.87867602970496  2.44833826926008
   195  1.70266810681728  2.54822290056948
   196  2.01977765200454  2.63222548358995
   197  1.82341525142756  2.72893377301863
   198  2.16087927430412  2.81611269791982
   199  1.94416239603785  2.90964464546779
   200  2.30198096393688  3.00000000000000
   201  0.500000000000000  0.866025403784439
   202  0.485503173070951  0.984503044017145
   203  0.602670898040136  1.04385661564868
   204  0.571932138774849  1.15976364898606
   205  0.705341796080272  1.22168782751292
   206  0.658361104478748  1.33502425395497
   207  0.808012694120407  1.39951903937716
   208  0.744790070182646  1.51028485892388
   209  0.910683592160543  1.57735025124139
   210  0.831219035886545  1.68554546389279
   211  1.01335449020068  1.75518146310563
   212  0.917648001590443  1.86080606886171
   213  1.11602538824081  1.93301267496987
   214  1.00407696729434  2.03606667383062
   215  1.21869628628095  2.11084388683411
   216  1.09050593299824  2.21132727879953
   217  1.32136718432109  2.28867509869835
   218  1.17693489870214  2.38658788376844
   219  1.42403808236122  2.46650631056259
   220  1.26336386440604  2.56184848873736
   221  1.52670898040136  2.64433752242683
   222  1.34979283010994  2.73710909370627
   223  1.62937987844149  2.82216873429107
   224  1.43622179581383  2.91236969867518
   225  1.73205080756888  3.00000000000000
   226  0.382683432365090  0.923879532511287
   227  0.350477935672845  1.03247470468151
   228  0.454346538404750  1.09688957503402
   229  0.408554876412212  1.20356385505432
   230  0.526009644444410  1.26989961755674
   231  0.466631817151579  1.37465300542713
   232  0.597672750484070  1.44290966007947
   233  0.524708757890946  1.54574215579994
   234  0.669335856523730  1.61591970260220
   235  0.582785698630313  1.71683130617275
   236  0.740998962563390  1.78892974512493
   237  0.640862639369681  1.88792045654556
   238  0.812662068603050  1.96193978764766
   239  0.698939580109048  2.05900960691837
   240  0.884325174642710  2.13494983017039
   241  0.757016520848415  2.23009875729118
   242  0.955988280682370  2.30795987269311
   243  0.815093461587782  2.40118790766399
   244  1.02765138672203  2.48096991521584
   245  0.873170402327149  2.57227705803681
   246  1.09931449276169  2.65397995773857
   247  0.931247343066516  2.74336620840962
   248  1.17097759880135  2.82699000026130
   249  0.989324283805883  2.91445535878243
   250  1.24264068711929  3.00000000000000
   251  0.258819045102521  0.965925826289068
   252  0.211825604870651  1.06491922880967
   253  0.304238089072278  1.13543200601541
   254  0.245296170579697  1.23318712562255
   255  0.349657133042035  1.30493818574175
   256  0.278766736288743  1.40145502243543
   257  0.395076177011792  1.47444436546808
   258  0.312237301997788  1.56972291924830
   259  0.440495220981550  1.64395054519442
   260  0.345707867706834  1.73799081606118
   261  0.485914264951307  1.81345672492076
   262  0.379178433415880  1.90625871287406
   263  0.531333308921064  1.98296290464710
   264  0.412648999124925  2.07452660968694
   265  0.576752352890821  2.15246908437344
   266  0.446119564833971  2.24279450649982
   267  0.622171396860578  2.32197526409978
   268  0.479590130543017  2.41106240331269
   269  0.667590440830335  2.49148144382611
   270  0.513060696252062  2.57933030012557
   271  0.713009484800093  2.66098762355245
   272  0.546531261961108  2.74759819693845
   273  0.758428528769850  2.83049380327879
   274  0.580001827670153  2.91586609375133
   275  0.803847577293369  3.00000000000000
   276  0.130526192220052  0.991444861373810
   277  7.087093183588250E-002  1.08128147021560
   278  0.152562132760670  1.15882444736298
   279  8.180653704736093E-002  1.24812656416959
   280  0.174598073301289  1.32620403335215
   281  9.274214225883938E-002  1.41497165812358
   282  0.196634013841907  1.49358361934132
   283  0.103677747470318  1.58181675207758
   284  0.218669954382526  1.66096320533049
   285  0.114613352681796  1.74866184603157
   286  0.240705894923144  1.82834279131966
   287  0.125548957893275  1.91550693998556
   288  0.262741835463763  1.99572237730883
   289  0.136484563104753  2.08235203393955
   290  0.284777776004381  2.16310196329800
   291  0.147420168316232  2.24919712789354
   292  0.306813716545000  2.33048154928717
   293  0.158355773527710  2.41604222184754
   294  0.328849657085618  2.49786113527634
   295  0.169291378739188  2.58288731580153
   296  0.350885597626237  2.66524072126551
   297  0.180226983950667  2.74973240975552
   298  0.372921538166855  2.83262030725468
   299  0.191162589162145  2.91657750370951
   300  0.394957492762188  3.00000000000000
   301  0.000000000000000  1.00000000000000
   302  0.000000000000000  1.16666666666667
   303  0.000000000000000  1.33333333333333
   304  0.000000000000000  1.50000000000000
   305  0.000000000000000  1.66666666666667
   306  0.000000000000000  1.83333333333333
   307  0.000000000000000  2.00000000000000
   308  0.000000000000000  2.16666666666667
   309  0.000000000000000  2.33333333333333
   310  0.000000000000000  2.50000000000000
   311  0.000000000000000  2.66666666666667
   312  0.000000000000000  2.83333333333333
   313  0.000000000000000  3.00000000000000
