   85
   1  1.00000000000000  0.000000000000000
   2  1.15882444736298  0.152562132760670
   3  1.33333333333333  0.000000000000000
   4  1.49358361934132  0.196634013841907
   5  1.66666666666667  0.000000000000000
   6  1.82834279131966  0.240705894923144
   7  2.00000000000000  0.000000000000000
   8  2.16310196329800  0.284777776004381
   9  2.33333333333333  0.000000000000000
   10  2.49786113527634  0.328849657085618
   11  2.66666666666667  0.000000000000000
   12  2.83262030725468  0.372921538166855
   13  3.00000000000000  0.000000000000000
   14  0.965925826289068  0.258819045102521
   15  1.09688957503402  0.454346538404750
   16  1.30493818574175  0.349657133042035
   17  1.44290966007947  0.597672750484070
   18  1.64395054519442  0.440495220981549
   19  1.78892974512493  0.740998962563390
   20  1.98296290464710  0.531333308921063
   21  2.13494983017039  0.884325174642709
   22  2.32197526409978  0.622171396860578
   23  2.48096991521584  1.02765138672203
   24  2.66098762355245  0.713009484800092
   25  2.82699000026130  1.17097759880135
   26  3.00000000000000  0.803847577293368
   27  0.866025403784439  0.500000000000000
   28  0.977240554621107  0.749863051308302
   29  1.22168782751292  0.705341796080271
   30  1.34501498328085  1.03206629590747
   31  1.57735025124139  0.910683592160543
   32  1.71278941194059  1.31426954050663
   33  1.93301267496987  1.11602538824081
   34  2.08056384060033  1.59647278510579
   35  2.28867509869835  1.32136718432109
   36  2.44833826926008  1.87867602970496
   37  2.64433752242683  1.52670898040136
   38  2.81611269791982  2.16087927430412
   39  3.00000000000000  1.73205080756888
   40  0.707106781186548  0.707106781186547
   41  0.749863051308302  0.977240554621106
   42  1.08925562838270  1.08925562838270
   43  1.03206629590747  1.34501498328085
   44  1.47140447557886  1.47140447557886
   45  1.31426954050663  1.71278941194059
   46  1.85355332277502  1.85355332277502
   47  1.59647278510579  2.08056384060033
   48  2.23570216997118  2.23570216997118
   49  1.87867602970496  2.44833826926008
   50  2.61785101716733  2.61785101716733
   51  2.16087927430412  2.81611269791982
   52  3.00000000000000  3.00000000000000
   53  0.500000000000000  0.866025403784439
   54  0.454346538404750  1.09688957503402
   55  0.705341796080272  1.22168782751292
   56  0.597672750484070  1.44290966007947
   57  0.910683592160543  1.57735025124139
   58  0.740998962563390  1.78892974512493
   59  1.11602538824081  1.93301267496987
   60  0.884325174642710  2.13494983017039
   61  1.32136718432109  2.28867509869835
   62  1.02765138672203  2.48096991521584
   63  1.52670898040136  2.64433752242683
   64  1.17097759880135  2.82699000026130
   65  1.73205080756888  3.00000000000000
   66  0.258819045102521  0.965925826289068
   67  0.152562132760670  1.15882444736298
   68  0.349657133042035  1.30493818574175
   69  0.196634013841907  1.49358361934132
   70  0.440495220981550  1.64395054519442
   71  0.240705894923144  1.82834279131966
   72  0.531333308921064  1.98296290464710
   73  0.284777776004381  2.16310196329800
   74  0.622171396860578  2.32197526409978
   75  0.328849657085618  2.49786113527634
   76  0.713009484800093  2.66098762355245
   77  0.372921538166855  2.83262030725468
   78  0.803847577293369  3.00000000000000
   79  0.000000000000000  1.00000000000000
   80  0.000000000000000  1.33333333333333
   81  0.000000000000000  1.66666666666667
   82  0.000000000000000  2.00000000000000
   83  0.000000000000000  2.33333333333333
   84  0.000000000000000  2.66666666666667
   85  0.000000000000000  3.00000000000000
