   313
   1  1.00000000000000  0.000000000000000
   2  1.03289639208193  6.769960626641555E-002
   3  1.07000000000000  0.000000000000000
   4  1.10797668246048  7.262062848699949E-002
   5  1.15000000000000  0.000000000000000
   6  1.19306767822284  7.819778700366128E-002
   7  1.24000000000000  0.000000000000000
   8  1.29067205571496  8.459511589042041E-002
   9  1.34500000000000  0.000000000000000
   10  1.40329249128279  9.197664922129629E-002
   11  1.46500000000000  0.000000000000000
   12  1.53092898492633  0.100342386996289
   13  1.60000000000000  0.000000000000000
   14  1.67358153664557  0.109692329215398
   15  1.75000000000000  0.000000000000000
   16  1.83625549913244  0.120354544026664
   17  1.92500000000000  0.000000000000000
   18  2.02395622507882  0.132657099578124
   19  2.12500000000000  0.000000000000000
   20  2.23668371448472  0.146599995869778
   21  2.35000000000000  0.000000000000000
   22  2.47443796735013  0.162183232901627
   23  2.60000000000000  0.000000000000000
   24  2.79978589232386  0.183507662524158
   25  3.00000000000000  0.000000000000000
   26  0.991444861373810  0.130526192220052
   27  1.01612153799617  0.202119140668278
   28  1.06174429122573  0.139781287739026
   29  1.09184208998105  0.217180894922885
   30  1.14208649677077  0.150358539760712
   31  1.17765871556392  0.234250883078106
   32  1.23247147800895  0.162257948285108
   33  1.27609543314426  0.253831163609094
   34  1.33792062278683  0.176140591563570
   35  1.38967626112158  0.276423794991004
   36  1.45843393110440  0.192006469596098
   37  1.51840119949587  0.302028777223836
   38  1.59401140296167  0.209855582382692
   39  1.66227024826714  0.330646110307589
   40  1.74465303835863  0.229687929923353
   41  1.82633144423438  0.363279911192570
   42  1.92040161298842  0.252825668720789
   43  2.01563282419658  0.400934296829087
   44  2.12125712685104  0.279268798775003
   45  2.23017438815373  0.443609267217139
   46  2.34721957994649  0.309017320085993
   47  2.46995613610585  0.491304822356727
   48  2.59828897227476  0.342071232653760
   49  2.79807852804032  0.556572424126689
   50  3.00000000000000  0.394957492762188
   51  0.965925826289068  0.258819045102521
   52  0.982858852228941  0.333635623250683
   53  1.03711842236895  0.277895043729200
   54  1.05984897237287  0.359770247423945
   55  1.11848138931739  0.299696185016834
   56  1.14710444186933  0.389389488153641
   57  1.21001472713438  0.324222468965422
   58  1.24719159805645  0.423364499578880
   59  1.31680362125420  0.352836466905442
   60  1.36267677827235  0.462566435838772
   61  1.43884807167686  0.385538178836893
   62  1.49355998251703  0.506995296933316
   63  1.57614807840235  0.422327604759775
   64  1.63984121079051  0.556651082862513
   65  1.72870364143067  0.463204744674088
   66  1.80665313776903  0.613276101904578
   67  1.90668513163037  0.510894741240788
   68  1.99912843812886  0.678612662337731
   69  2.11009254900147  0.565397594459872
   70  2.21726711187001  0.752660764161972
   71  2.33892589354395  0.626713304331343
   72  2.46106915899247  0.835420407377299
   73  2.59318516525781  0.694841870855199
   74  2.79469301294951  0.948670445461431
   75  3.00000000000000  0.803847577293368
   76  0.923879532511287  0.382683432365090
   77  0.933677468555866  0.460438773006812
   78  0.996543748873392  0.412781936281486
   79  1.01254474074839  0.499331807552121
   80  1.07958856757294  0.447180226471654
   81  1.10192764923325  0.543410580036805
   82  1.17301398860993  0.485878302935593
   83  1.20445510308353  0.593971524945707
   84  1.28201031315309  0.531026058810188
   85  1.32275601137232  0.652311076763671
   86  1.40657754120241  0.582623494095440
   87  1.45683037409961  0.718429235490696
   88  1.54671567275790  0.640670608791348
   89  1.60667819126541  0.792326001126784
   90  1.70242470781955  0.705167402897913
   91  1.77755728101588  0.876594242641620
   92  1.88408524872482  0.780413662688905
   93  1.97472546149719  0.973826829004893
   94  2.09169729547369  0.866409388164325
   95  2.19818273270934  1.08402376021660
   96  2.32526084806617  0.963154579324172
   97  2.44792909465233  1.20718503627675
   98  2.58477590650226  1.07064923616845
   99  2.78968727415327  1.37572151930642
   100  3.00000000000000  1.24264068711929
   101  0.866025403784439  0.500000000000000
   102  0.869418894087251  0.580927132432522
   103  0.940714514651983  0.543121778264910
   104  0.950738783625905  0.635263345460208
   105  1.02607349850061  0.592403810567666
   106  1.04290132510305  0.696844386891586
   107  1.12210235533031  0.647846096908265
   108  1.14861718150330  0.767481463827578
   109  1.23413602163162  0.712528764305631
   110  1.27059701581128  0.848985783369107
   111  1.36217449740456  0.786451812759764
   112  1.40884082802699  0.941357345516173
   113  1.50621778264911  0.869615242270663
   114  1.56334861815044  1.04459615026878
   115  1.66626587736527  0.962019052838329
   116  1.73954171215085  1.16232461182876
   117  1.85298865453414  1.06982349850061
   118  1.94284143599749  1.29816514439798
   119  2.06638611415569  1.19302857925749
   120  2.17324778969035  1.45211774797642
   121  2.30645825622994  1.33163429510899
   122  2.43076077322942  1.62418242256409
   123  2.57320508075689  1.48564064605510
   124  2.78314696123025  1.85963934568407
   125  3.00000000000000  1.73205080756888
   126  0.793353340291235  0.608761429008721
   127  0.791182610848095  0.693848527642937
   128  0.870585973381042  0.668024112731206
   129  0.875488618067634  0.767782911663370
   130  0.958851839769393  0.735752894128332
   131  0.971035426249777  0.851575213553193
   132  1.05815093945629  0.811947773200100
   133  1.08063323563518  0.947689912779756
   134  1.17399988909100  0.900841798783828
   135  1.20709224646448  1.05859148881040
   136  1.30639868867352  1.00243497087952
   137  1.35041245873770  1.18427994164514
   138  1.45534733820386  1.11672728948717
   139  1.51059387245482  1.32475527128396
   140  1.62084583768202  1.24371875460678
   141  1.69325688809716  1.48494643666157
   142  1.81392742040654  1.39187546391299
   143  1.90402190614600  1.66978239671265
   144  2.03459208637742  1.56119741740581
   145  2.14288892660136  1.87926315143721
   146  2.28283983559465  1.75168461508523
   147  2.40985794946323  2.11338870083524
   148  2.55867066805825  1.96333705695125
   149  2.77518398074790  2.43377103159045
   150  3.00000000000000  2.30198096393688
   151  0.707106781186548  0.707106781186547
   152  0.693848527642937  0.791182610848095
   153  0.787358043845018  0.787358043845018
   154  0.767782911663370  0.875488618067634
   155  0.879073772597556  0.879073772597556
   156  0.851575213553193  0.971035426249777
   157  0.982253967444162  0.982253967444162
   158  0.947689912779756  1.08063323563518
   159  1.10263086143187  1.10263086143187
   160  1.05859148881040  1.20709224646448
   161  1.24020445456067  1.24020445456067
   162  1.18427994164514  1.35041245873770
   163  1.39497474683058  1.39497474683058
   164  1.32475527128396  1.51059387245482
   165  1.56694173824159  1.56694173824159
   166  1.48494643666157  1.69325688809716
   167  1.76756989488777  1.76756989488777
   168  1.66978239671265  1.90402190614600
   169  1.99685921676911  1.99685921676911
   170  1.87926315143721  2.14288892660136
   171  2.25480970388563  2.25480970388563
   172  2.11338870083524  2.40985794946323
   173  2.54142135623731  2.54142135623731
   174  2.43377103159045  2.77518398074790
   175  3.00000000000000  3.00000000000000
   176  0.608761429008721  0.793353340291235
   177  0.580927132432522  0.869418894087251
   178  0.668024112731206  0.870585973381042
   179  0.635263345460208  0.950738783625905
   180  0.735752894128333  0.958851839769392
   181  0.696844386891586  1.04290132510305
   182  0.811947773200100  1.05815093945629
   183  0.767481463827578  1.14861718150330
   184  0.900841798783828  1.17399988909100
   185  0.848985783369107  1.27059701581128
   186  1.00243497087952  1.30639868867352
   187  0.941357345516173  1.40884082802699
   188  1.11672728948717  1.45534733820386
   189  1.04459615026878  1.56334861815044
   190  1.24371875460678  1.62084583768202
   191  1.16232461182876  1.73954171215085
   192  1.39187546391299  1.81392742040654
   193  1.29816514439798  1.94284143599749
   194  1.56119741740581  2.03459208637742
   195  1.45211774797642  2.17324778969035
   196  1.75168461508523  2.28283983559465
   197  1.62418242256409  2.43076077322942
   198  1.96333705695125  2.55867066805825
   199  1.85963934568407  2.78314696123025
   200  2.30198096393688  3.00000000000000
   201  0.500000000000000  0.866025403784439
   202  0.460438773006812  0.933677468555866
   203  0.543121778264911  0.940714514651983
   204  0.499331807552122  1.01254474074839
   205  0.592403810567666  1.02607349850061
   206  0.543410580036805  1.10192764923325
   207  0.647846096908265  1.12210235533031
   208  0.593971524945707  1.20445510308353
   209  0.712528764305631  1.23413602163162
   210  0.652311076763671  1.32275601137232
   211  0.786451812759764  1.36217449740456
   212  0.718429235490697  1.45683037409961
   213  0.869615242270664  1.50621778264911
   214  0.792326001126784  1.60667819126541
   215  0.962019052838329  1.66626587736527
   216  0.876594242641621  1.77755728101587
   217  1.06982349850061  1.85298865453414
   218  0.973826829004894  1.97472546149719
   219  1.19302857925749  2.06638611415569
   220  1.08402376021660  2.19818273270934
   221  1.33163429510899  2.30645825622994
   222  1.20718503627675  2.44792909465233
   223  1.48564064605510  2.57320508075689
   224  1.37572151930642  2.78968727415327
   225  1.73205080756888  3.00000000000000
   226  0.382683432365090  0.923879532511287
   227  0.333635623250684  0.982858852228941
   228  0.412781936281487  0.996543748873392
   229  0.359770247423945  1.05984897237287
   230  0.447180226471654  1.07958856757294
   231  0.389389488153641  1.14710444186933
   232  0.485878302935593  1.17301398860993
   233  0.423364499578881  1.24719159805645
   234  0.531026058810189  1.28201031315309
   235  0.462566435838772  1.36267677827235
   236  0.582623494095440  1.40657754120241
   237  0.506995296933316  1.49355998251703
   238  0.640670608791349  1.54671567275790
   239  0.556651082862513  1.63984121079051
   240  0.705167402897913  1.70242470781955
   241  0.613276101904579  1.80665313776903
   242  0.780413662688905  1.88408524872482
   243  0.678612662337732  1.99912843812886
   244  0.866409388164325  2.09169729547369
   245  0.752660764161972  2.21726711187001
   246  0.963154579324172  2.32526084806617
   247  0.835420407377299  2.46106915899247
   248  1.07064923616845  2.58477590650226
   249  0.948670445461431  2.79469301294951
   250  1.24264068711929  3.00000000000000
   251  0.258819045102521  0.965925826289068
   252  0.202119140668278  1.01612153799617
   253  0.277895043729201  1.03711842236895
   254  0.217180894922885  1.09184208998105
   255  0.299696185016834  1.11848138931739
   256  0.234250883078106  1.17765871556392
   257  0.324222468965423  1.21001472713438
   258  0.253831163609095  1.27609543314426
   259  0.352836466905442  1.31680362125420
   260  0.276423794991005  1.38967626112158
   261  0.385538178836893  1.43884807167686
   262  0.302028777223836  1.51840119949587
   263  0.422327604759775  1.57614807840235
   264  0.330646110307589  1.66227024826714
   265  0.463204744674089  1.72870364143067
   266  0.363279911192570  1.82633144423438
   267  0.510894741240788  1.90668513163037
   268  0.400934296829087  2.01563282419658
   269  0.565397594459873  2.11009254900147
   270  0.443609267217140  2.23017438815373
   271  0.626713304331343  2.33892589354395
   272  0.491304822356728  2.46995613610585
   273  0.694841870855199  2.59318516525781
   274  0.556572424126690  2.79807852804032
   275  0.803847577293369  3.00000000000000
   276  0.130526192220052  0.991444861373810
   277  6.769960626641577E-002  1.03289639208193
   278  0.139781287739026  1.06174429122573
   279  7.262062848699973E-002  1.10797668246048
   280  0.150358539760712  1.14208649677077
   281  7.819778700366154E-002  1.19306767822284
   282  0.162257948285108  1.23247147800895
   283  8.459511589042068E-002  1.29067205571496
   284  0.176140591563570  1.33792062278683
   285  9.197664922129659E-002  1.40329249128279
   286  0.192006469596098  1.45843393110440
   287  0.100342386996289  1.53092898492633
   288  0.209855582382693  1.59401140296167
   289  0.109692329215399  1.67358153664557
   290  0.229687929923353  1.74465303835863
   291  0.120354544026664  1.83625549913244
   292  0.252825668720790  1.92040161298842
   293  0.132657099578124  2.02395622507882
   294  0.279268798775003  2.12125712685104
   295  0.146599995869778  2.23668371448472
   296  0.309017320085994  2.34721957994649
   297  0.162183232901628  2.47443796735013
   298  0.342071232653761  2.59828897227476
   299  0.183507662524158  2.79978589232386
   300  0.394957492762188  3.00000000000000
   301  0.000000000000000  1.00000000000000
   302  0.000000000000000  1.07000000000000
   303  0.000000000000000  1.15000000000000
   304  0.000000000000000  1.24000000000000
   305  0.000000000000000  1.34500000000000
   306  0.000000000000000  1.46500000000000
   307  0.000000000000000  1.60000000000000
   308  0.000000000000000  1.75000000000000
   309  0.000000000000000  1.92500000000000
   310  0.000000000000000  2.12500000000000
   311  0.000000000000000  2.35000000000000
   312  0.000000000000000  2.60000000000000
   313  0.000000000000000  3.00000000000000
